1,0.095224,,,,,,,,,,,,0.150000,0.050000,2,0.000000,0.000000,0,0,0,1,,0.000000,1,0,0,0
28,0.277361,0.000446,0.023775,-0.006000,6,10,,,,,,,0.150000,0.050000,2,0.000000,0.000000,0,0,0,1,,0.000000,28,27,0,0
56,0.595668,0.000411,0.023690,-0.006000,6,10,,,,,,,0.150000,0.050000,2,0.000000,0.000000,0,0,0,1,,0.000000,56,55,0,0
83,0.848092,0.000319,0.023768,-0.006000,6,10,,,,,,,0.150000,0.050000,2,0.000000,0.000000,0,0,0,1,,0.000000,83,82,0,0
110,1.094720,0.000352,0.024051,-0.006000,6,10,,,,,,,0.150000,0.050000,2,0.000000,0.000000,0,0,0,1,,0.000000,110,109,0,0
137,1.274624,0.000443,0.023737,-0.006000,6,10,,,,,,,0.150000,0.050000,2,0.000000,0.000000,0,0,0,1,,0.000000,137,136,0,0
165,1.596642,0.000408,0.023707,-0.006000,6,10,,,,,,,0.150000,0.050000,2,0.000000,0.000000,0,0,0,1,,0.000000,165,164,0,0
192,1.842567,0.000305,0.023728,-0.006000,6,10,,,,,,,0.150000,0.050000,2,0.000000,0.000000,0,0,0,1,,0.000000,192,191,0,0
219,2.098780,0.000293,0.023972,-0.006000,6,10,,,,,,,0.150000,0.050000,2,0.000000,0.000000,0,0,0,1,,0.000000,219,218,0,0
246,2.273597,0.000330,0.023713,-0.006000,6,10,,,,,,,0.150000,0.050000,2,0.000000,0.000000,0,0,0,1,,0.000000,246,245,0,0
274,2.599393,0.000328,0.023652,-0.006000,6,10,,,,,,,0.150000,0.050000,2,0.000000,0.000000,0,0,0,1,,0.000000,274,273,0,0
301,2.848085,0.000366,0.023738,-0.006000,6,10,,,,,,,0.150000,0.050000,2,0.000000,0.000000,0,0,0,1,,0.000000,301,300,0,0
328,3.099845,0.000279,0.023931,-0.006000,6,10,,,,,,,0.150000,0.050000,2,0.000000,0.000000,0,0,0,1,,0.000000,328,327,0,0
355,3.275533,0.000224,0.023744,-0.006000,6,10,,,,,,,0.150000,0.050000,2,0.000000,0.000000,0,0,0,1,,0.000000,355,354,0,0
383,3.598102,0.000228,0.023807,-0.006000,6,10,,,,,,,0.150000,0.050000,2,0.000000,0.000000,0,0,0,1,,0.000000,383,382,0,0
410,3.846269,0.000186,0.023812,-0.006000,6,10,,,,,,,0.150000,0.050000,2,0.000000,0.000000,0,0,0,1,,0.000000,410,409,0,0
437,4.095589,0.000222,0.024058,-0.006000,6,10,,,,,,,0.150000,0.050000,2,0.000000,0.000000,0,0,0,1,,0.000000,437,436,0,0
464,4.275739,0.000237,0.024004,-0.006000,6,10,,,,,,,0.150000,0.050000,2,0.000000,0.000000,0,0,0,1,,0.000000,464,463,0,0
492,4.595788,0.000154,0.023895,-0.006000,6,10,,,,,,,0.150000,0.050000,2,0.000000,0.000000,0,0,0,1,,0.000000,492,491,0,0
519,4.844870,0.000166,0.023958,-0.006000,6,10,,,,,,,0.150000,0.050000,2,0.000000,0.000000,0,0,0,1,,0.000000,519,518,0,0
546,5.098657,0.000112,0.024090,-0.006000,6,10,,,,,,,0.150000,0.050000,2,0.000000,0.000000,0,0,0,1,,0.000000,546,545,0,0
573,5.277670,0.000111,0.023926,-0.006000,6,10,,,,,,,0.150000,0.050000,2,0.000000,0.000000,0,0,0,1,,0.000000,573,572,0,0
601,5.593577,0.000118,0.023760,-0.006000,6,10,,,,,,,0.150000,0.050000,2,0.000000,0.000000,0,0,0,1,,0.000000,601,600,0,0
628,5.848095,0.000064,0.023861,-0.006000,6,10,,,,,,,0.150000,0.050000,2,0.000000,0.000000,0,0,0,1,,0.000000,628,627,0,0
655,6.092186,0.000057,0.024014,-0.006000,6,10,,,,,,,0.150000,0.050000,2,0.000000,0.000000,0,0,0,1,,0.000000,655,654,0,0
682,6.276985,0.000046,0.023845,-0.006000,6,10,,,,,,,0.150000,0.050000,2,0.000000,0.000000,0,0,0,1,,0.000000,682,681,0,0
723,6.506068,0.000000,0.014142,-0.006000,6,10,,,,,,,0.150000,0.050000,2,0.000000,0.000000,0,0,0,1,,0.000000,723,722,0,11
750,6.707667,0.000000,0.014142,-0.006000,6,10,,,,,,,0.150000,0.050000,2,0.000000,0.000000,0,0,0,1,,0.000000,750,749,0,11
779,7.099770,-0.000007,0.023738,-0.006000,6,10,,,,,,,0.150000,0.050000,2,0.000000,0.000000,0,0,0,1,,0.000000,779,778,0,11
806,7.280795,-0.000002,0.023741,-0.006000,6,10,,,,,,,0.150000,0.050000,2,0.000000,0.000000,0,0,0,1,,0.000000,806,805,0,11
834,7.506653,0.000000,0.014142,-0.006000,6,10,,,,,,,0.150000,0.050000,2,0.000000,0.000000,0,0,0,1,,0.000000,834,833,0,11
861,7.710424,0.000000,0.014142,-0.006000,6,10,,,,,,,0.150000,0.050000,2,0.000000,0.000000,0,0,0,1,,0.000000,861,860,0,11
890,8.097662,0.000033,0.023623,-0.006000,6,10,,,,,,,0.150000,0.050000,2,0.000000,0.000000,0,0,0,1,,0.000000,890,889,0,11
917,8.280541,-0.000024,0.023639,-0.006000,6,10,,,,,,,0.150000,0.050000,2,0.000000,0.000000,0,0,0,1,,0.000000,917,916,0,11
946,8.602003,-0.000049,0.023632,-0.006000,6,10,,,,,,,0.150000,0.050000,2,0.000000,0.000000,0,0,0,1,,0.000000,946,945,0,11
972,8.847817,0.000000,0.014142,-0.006000,6,10,,,,,,,0.150000,0.050000,2,0.000000,0.000000,0,0,0,1,,0.000000,972,971,0,11
999,9.098641,-0.000018,0.023781,-0.006000,6,10,,,,,,,0.150000,0.050000,2,0.000000,0.000000,0,0,0,1,,0.000000,999,998,0,11
1026,9.278914,0.000004,0.023578,-0.006000,6,10,,,,,,,0.150000,0.050000,2,0.000000,0.000000,0,0,0,1,,0.000000,1026,1025,0,11
1062,9.595502,-0.000039,0.023562,0.003000,6,10,,,,,,,0.150000,0.050000,2,0.000000,0.000000,0,0,0,1,,0.000000,1062,1061,0,15
1089,9.848836,0.000022,0.023305,0.003000,6,10,,,,,,,0.150000,0.050000,2,0.000000,0.000000,0,0,0,1,,0.000000,1089,1088,0,15
1116,10.095852,0.000043,0.022106,0.003000,6,10,,,,,,,0.150000,0.050000,2,0.000000,0.000000,0,0,0,1,,0.000000,1116,1115,0,15
1143,10.282635,-0.000018,0.018120,0.003000,6,10,,,,,,,0.150000,0.050000,2,0.000000,0.000000,0,0,0,1,,0.000000,1143,1142,0,15
1171,10.596549,-0.000087,0.012877,0.003000,6,10,,,,,,,0.150000,0.050000,2,0.000000,0.000000,0,0,0,1,,0.000000,1171,1170,0,15
1198,10.727966,-0.000092,0.007690,0.003000,6,10,,,,,,,0.150000,0.050000,2,0.000000,0.000000,0,0,0,1,,0.000000,1198,1197,0,15
1226,11.100706,-0.000075,0.003317,0.003000,6,10,,,,,,,0.150000,0.050000,2,0.000000,0.000000,0,0,0,1,,0.000000,1226,1225,0,15
1253,11.276195,-0.000096,0.000165,0.003000,6,10,,,,,,,0.150000,0.050000,2,0.000000,0.000000,0,0,0,1,,0.000000,1253,1252,0,15
1282,11.594099,-0.000132,0.002307,0.003000,6,10,,,,,,,0.150000,0.050000,2,0.000000,0.000000,0,0,0,1,,0.000000,1282,1281,0,17
1309,11.771364,0.000000,0.000000,0.003000,6,10,,,,,,,0.150000,0.050000,2,0.000000,0.000000,0,0,0,1,,0.000000,1309,1308,0,17
1336,11.969860,0.000000,0.000000,0.003000,6,10,,,,,,,0.150000,0.050000,2,0.000000,0.000000,0,0,0,1,,0.000000,1336,1335,0,17
1363,12.167172,0.000000,0.000000,0.003000,6,10,,,,,,,0.150000,0.050000,2,0.000000,0.000000,0,0,0,1,,0.000000,1363,1362,0,17
1393,12.573459,0.000000,0.000000,0.003000,6,10,,,,,,,0.150000,0.050000,2,0.000000,0.000000,0,0,0,1,,0.000000,1393,1392,0,17
1420,12.768605,-0.110000,0.110000,0.015000,6,10,,,,,,,0.150000,0.050000,2,0.000000,0.000000,0,0,0,1,,0.000000,1420,1419,0,17
1447,12.967010,-0.210000,0.210000,0.049000,6,10,,,,,,,0.150000,0.050000,2,0.000000,0.000000,0,0,0,1,,0.000000,1447,1446,0,17
1474,13.169374,-0.330000,0.330000,0.103000,6,10,,,,,,,0.150000,0.050000,2,0.000000,0.000000,0,0,0,1,,0.000000,1474,1473,0,17
1504,13.572969,-1.230000,1.230000,0.448000,6,10,,,,,,,0.150000,0.050000,2,0.000000,0.000000,0,0,0,1,,0.000000,1504,1503,0,17
1531,13.769444,-1.160000,1.160000,0.676000,6,10,,,,,,,0.150000,0.050000,2,0.000000,0.000000,0,0,0,1,,0.000000,1531,1530,0,17
1558,13.968150,-1.300000,1.300038,0.922000,6,10,,,,,,,0.150000,0.050000,2,0.000000,0.000000,0,0,0,1,,0.000000,1558,1557,0,17
1585,14.168857,-1.500000,1.500033,1.211000,6,10,,,,,,,0.150000,0.050000,2,0.000000,0.000000,0,0,0,1,,0.000000,1585,1584,0,17
1615,14.572785,-1.900000,1.900000,1.910000,6,10,,,,,,,0.150000,0.050000,2,0.000000,0.000000,0,0,0,1,,0.000000,1615,1614,0,17
1642,14.767474,-2.110000,2.110000,2.320000,6,10,,,,,,,0.150000,0.050000,2,0.000000,0.000000,0,0,0,1,,0.000000,1642,1641,0,17
1669,14.970164,-2.112774,2.112775,2.320000,6,10,,,,,,,0.150000,0.050000,2,0.000000,0.000000,0,0,0,1,,0.000000,1669,1668,0,17
1698,15.173422,-2.450000,2.450000,3.255000,6,10,,,,,,,0.150000,0.050000,2,0.000000,0.000000,0,0,0,1,,0.000000,1698,1697,0,17
1728,15.566832,-2.530000,2.530020,4.273000,6,10,,,,,,,0.150000,0.050000,2,0.000000,0.000000,0,0,0,1,,0.000000,1728,1727,0,17
1755,15.770276,-2.520000,2.520020,4.788000,6,10,,,,,,,0.150000,0.050000,2,0.000000,0.000000,0,0,0,1,,0.000000,1755,1754,0,17
1782,15.972034,-2.500000,2.500020,5.298000,6,10,,,,,,,0.150000,0.050000,2,0.000000,0.000000,0,0,0,1,,0.000000,1782,1781,0,17
1809,16.172741,-2.480000,2.480020,5.805000,6,10,,,,,,,0.150000,0.050000,2,0.000000,0.000000,0,0,0,1,,0.000000,1809,1808,0,17
1839,16.570185,-2.430000,2.430021,6.805000,6,10,,,,,,,0.150000,0.050000,2,0.000000,0.000000,0,0,0,1,,0.000000,1839,1838,0,17
1866,16.768673,-2.320000,2.320022,7.287000,6,10,,,,,,,0.150000,0.050000,2,0.000000,0.000000,0,0,0,1,,0.000000,1866,1865,0,17
1893,16.969609,-2.150000,2.150047,7.738000,6,10,,,,,,,0.150000,0.050000,2,0.000000,0.000000,0,0,0,1,,0.000000,1893,1892,0,17
1920,17.167977,-1.960000,1.960051,8.152000,6,10,,,,,,,0.150000,0.050000,2,0.000000,0.000000,0,0,0,1,,0.000000,1920,1919,0,17
1950,17.572601,-1.530000,1.530065,8.854000,6,10,,,,,,,0.150000,0.050000,2,0.000000,0.000000,0,0,0,1,,0.000000,1950,1949,0,17
1977,17.769271,-1.320000,1.320076,9.144000,6,10,,,,,,,0.150000,0.050000,2,0.000000,0.000000,0,0,0,1,,0.000000,1977,1976,0,17
2004,17.969265,-1.110000,1.110090,9.388000,6,10,,,,,,,0.150000,0.050000,2,0.000000,0.000000,0,0,0,1,,0.000000,2004,2003,0,17
2031,18.169823,-0.910000,0.910110,9.591000,6,10,,,,,,,0.150000,0.050000,2,0.000000,0.000000,0,0,0,1,,0.000000,2031,2030,0,17
2062,18.571442,-0.520000,0.520192,9.874000,6,10,,,,,,,0.150000,0.050000,2,0.000000,0.000000,0,0,0,1,,0.000000,2062,2061,0,17
2089,18.769359,-0.320000,0.320312,9.956000,6,10,,,,,,,0.150000,0.050000,2,0.000000,0.000000,0,0,0,1,,0.000000,2089,2088,0,17
2116,18.972893,-0.130000,0.130767,9.999000,6,10,,,,,,,0.150000,0.050000,2,0.000000,0.000000,0,0,0,1,,0.000000,2116,2115,0,17
2143,19.172751,0.000000,0.010000,10.008000,6,10,,,,,,,0.150000,0.050000,2,0.000000,0.000000,0,0,0,1,,0.000000,2143,2142,0,17
2173,19.570448,0.050000,0.051962,9.983000,6,10,,,,,,,0.150000,0.050000,2,0.000000,0.000000,0,0,0,1,,0.000000,2173,2172,0,17
2200,19.770019,0.030000,0.031623,9.969000,6,10,,,,,,,0.150000,0.050000,2,0.000000,0.000000,0,0,0,1,,0.000000,2200,2199,0,17
2227,19.969297,0.010000,0.014142,9.958000,6,10,,,,,,,0.150000,0.050000,2,0.000000,0.000000,0,0,0,1,,0.000000,2227,2226,0,17
2255,20.172162,0.000000,0.010000,9.953000,6,10,,,,,,,0.150000,0.050000,2,0.000000,0.000000,0,0,0,1,,0.000000,2255,2254,0,19
2286,20.568678,-0.020000,0.358608,9.951000,6,10,,,,,,,0.150000,0.050000,2,0.000000,0.000000,0,0,0,1,,0.000000,2286,2285,0,19
2314,20.773660,-0.020000,0.868562,9.951000,6,10,,,,,,,0.150000,0.050000,2,0.000000,0.000000,0,0,0,1,,0.000000,2314,2313,0,19
2342,20.970320,-0.020000,1.513572,9.952000,6,10,,,,,,,0.150000,0.050000,2,0.000000,0.000000,0,0,0,1,,0.000000,2342,2341,0,19
2370,21.168610,-0.030000,2.179404,9.954000,6,10,,,,,,,0.150000,0.050000,2,0.000000,0.000000,0,0,0,1,,0.000000,2370,2369,0,19
2401,21.570864,-0.030000,3.350866,9.962000,6,10,,,,,,,0.150000,0.050000,2,0.000000,0.000000,0,0,0,1,,0.000000,2401,2400,0,19
2429,21.772899,-0.030000,3.842525,9.966000,6,10,,,,,,,0.150000,0.050000,2,0.000000,0.000000,0,0,0,1,,0.000000,2429,2428,0,19
2457,21.971371,-0.020000,4.290618,9.970000,6,10,,,,,,,0.150000,0.050000,2,0.000000,0.000000,0,0,0,1,,0.000000,2457,2456,0,19
2485,22.173407,-0.020000,4.724712,9.974000,6,10,,,,,,,0.150000,0.050000,2,0.000000,0.000000,0,0,0,1,,0.000000,2485,2484,0,19
2516,22.570074,-0.010000,5.578835,9.980000,6,10,,,,,,,0.150000,0.050000,2,0.000000,0.000000,0,0,0,1,,0.000000,2516,2515,0,19
2544,22.770573,-0.010000,6.027031,9.982000,6,10,,,,,,,0.150000,0.050000,2,0.000000,0.000000,0,0,0,1,,0.000000,2544,2543,0,19
2572,22.968906,0.000000,6.495614,9.983000,6,10,,,,,,,0.150000,0.050000,2,0.000000,0.000000,0,0,0,1,,0.000000,2572,2571,0,19
2600,23.170388,0.000000,6.965630,9.985000,6,10,,,,,,,0.150000,0.050000,2,0.000000,0.000000,0,0,0,1,,0.000000,2600,2599,0,19
2631,23.602264,-0.010964,7.407036,9.987000,6,10,,,,,,,0.150000,0.050000,2,0.000000,0.000000,0,0,0,1,,0.000000,2631,2630,0,19
2658,23.848973,-0.020000,7.782525,9.990000,6,10,,,,,,,0.150000,0.050000,2,0.000000,0.000000,0,0,0,1,,0.000000,2658,2657,0,19
2686,24.101078,-0.032324,7.919479,9.997000,6,10,,,,,,,0.150000,0.050000,2,0.000000,0.000000,0,0,0,1,,0.000000,2686,2685,0,19
2714,24.281510,-0.027322,7.704585,10.005000,6,10,,,,,,,0.150000,0.050000,2,0.000000,0.000000,0,0,0,1,,0.000000,2714,2713,0,19
2743,24.601559,-0.001551,7.174145,10.010000,6,10,,,,,,,0.150000,0.050000,2,0.000000,0.000000,0,0,0,1,,0.000000,2743,2742,0,19
2771,24.847822,0.024199,6.474192,10.007000,6,10,,,,,,,0.150000,0.050000,2,0.000000,0.000000,0,0,0,1,,0.000063,2771,2770,0,19
2799,25.100731,0.028463,5.791524,10.001000,6,10,,,,,,,0.150000,0.050000,2,0.000000,0.000000,0,0,0,1,,0.000657,2799,2798,0,19
2827,25.281507,0.019247,5.178647,9.997000,6,10,,,,,,,0.150000,0.050000,2,0.000000,0.000000,0,0,0,1,,0.001075,2827,2826,0,19
2856,25.600510,0.009612,4.615771,9.996000,6,10,,,,,,,0.150000,0.050000,2,0.000000,0.000000,0,0,0,1,,0.003067,2856,2855,0,19
2884,25.849063,0.003355,4.058416,9.997000,6,10,,,,,,,0.150000,0.050000,2,0.000000,0.000000,0,0,0,1,,0.004034,2884,2883,0,19
2912,26.100073,0.001507,3.476245,10.000000,6,10,,,,,,,0.150000,0.050000,2,0.000000,0.000000,0,0,0,1,,0.003885,2912,2910,1,19
2940,26.283889,0.001147,2.861539,10.003000,6,10,,,,,,,0.150000,0.050000,2,0.000000,0.000000,0,0,0,1,,0.006880,2940,2938,1,20
2969,26.599311,0.001891,2.208235,10.005000,6,10,,,,,,,0.150000,0.050000,2,0.000000,0.000000,0,0,0,1,,0.005505,2969,2967,1,20
2997,26.847798,0.002997,1.527487,10.007000,6,10,,,,,,,0.150000,0.050000,2,0.000000,0.000000,0,0,0,1,,0.006784,2997,2995,1,20
3025,27.101015,0.004412,0.822366,10.009000,6,10,,,,,,,0.150000,0.050000,2,0.000000,0.000000,0,0,0,1,,0.009429,3025,3023,1,20
3053,27.284057,0.002484,0.161127,10.010000,6,10,,,,,,,0.150000,0.050000,2,0.000000,0.000000,0,0,0,1,,0.005332,3053,3051,1,20
3082,27.603957,0.002311,0.244619,10.011000,6,10,,,,,,,0.150000,0.050000,2,0.000000,0.000000,0,0,0,1,,0.007057,3082,3079,2,20
3110,27.854638,0.008569,0.323638,10.012000,6,10,,,,,,,0.150000,0.050000,2,0.000000,0.000000,0,0,0,1,,0.005681,3110,3107,2,20
3138,28.101349,0.013100,0.257544,10.011000,6,10,,,,,,,0.150000,0.050000,2,0.000000,0.000000,0,0,0,1,,0.009668,3138,3135,2,20
3166,28.285326,0.013551,0.159005,10.009000,6,10,,,,,,,0.150000,0.050000,2,0.000000,0.000000,0,0,0,1,,0.005046,3166,3163,2,20
3196,28.599047,0.011831,0.077153,10.007000,6,10,,,,,,,0.150000,0.050000,2,0.000000,0.000000,0,0,0,1,,0.006332,3196,3193,2,22
3224,28.774524,0.000000,0.084853,10.005000,6,10,,,,,,,0.150000,0.050000,2,0.000000,0.000000,0,0,0,1,,0.008976,3224,3221,2,22
3252,28.974754,0.010000,0.383014,10.004000,6,10,,,,,,,0.150000,0.050000,2,0.000000,0.000000,0,0,0,1,,0.007553,3252,3249,2,22
3280,29.173900,0.010000,0.887356,10.003000,6,10,,,,,,,0.150000,0.050000,2,0.000000,0.000000,0,0,0,1,,0.009492,3280,3277,2,22
3311,29.575103,0.000000,2.138247,10.002000,6,10,,,,,,,0.150000,0.050000,2,0.000000,0.000000,0,0,0,1,,0.009277,3311,3308,2,22
3339,29.772636,0.000000,2.728553,10.004000,6,10,,,,,,,0.150000,0.050000,2,0.000000,0.000000,0,0,0,1,,0.007639,3339,3336,2,22
3367,29.972947,0.000000,3.261181,10.005000,6,10,,,,,,,0.150000,0.050000,2,0.000000,0.000000,0,0,0,1,,0.011713,3367,3363,3,22
3395,30.172887,0.000000,3.743862,10.006000,6,10,,,,,,,0.150000,0.050000,2,0.000000,0.000000,0,0,0,1,,0.008756,3395,3391,3,22
3426,30.574651,0.000000,4.638847,10.007000,6,10,,,,,,,0.150000,0.050000,2,0.000000,0.000000,0,0,0,1,,0.010382,3426,3421,4,22
3454,30.772643,0.000000,5.079301,10.007000,6,10,,,,,,,0.150000,0.050000,2,0.000000,0.000000,0,0,0,1,,0.019818,3454,3448,5,22
3482,30.975662,0.000000,5.519755,10.006000,6,10,,,,,,,0.150000,0.050000,2,0.000000,0.000000,0,0,0,1,,0.014054,3482,3475,6,22
3510,31.175158,0.000000,5.974287,10.004000,6,10,,,,,,,0.150000,0.050000,2,0.000000,0.000000,0,0,0,1,,0.017632,3510,3502,7,22
3541,31.571169,0.000000,6.911505,10.001000,6,10,,,,,,,0.150000,0.050000,2,0.000000,0.000000,0,0,0,1,,0.021638,3541,3532,8,22
3569,31.771032,0.000000,7.351959,10.000000,6,10,,,,,,,0.150000,0.050000,2,0.000000,0.000000,0,0,0,1,,0.031994,3569,3560,8,22
3597,31.974749,-0.010000,7.692529,10.000000,6,10,,,,,,,0.150000,0.050000,2,0.000000,0.000000,0,0,0,1,,0.032943,3597,3586,10,22
3616,32.169161,-0.010424,7.697133,10.000000,6,10,,,,,,,0.150000,0.050000,2,0.000000,0.000000,0,0,6,1,,0.033496,3616,3597,12,22
3656,32.574920,-0.010000,7.472302,10.008000,6,10,,,,,,,0.150000,0.050000,2,0.000000,0.000000,0,0,0,1,,0.041208,3656,3641,14,22
3684,32.774281,0.000000,6.989607,10.008000,6,10,,,,,,,0.150000,0.050000,2,0.000000,0.000000,0,0,0,1,,0.034391,3684,3669,14,22
3712,32.973646,0.020000,6.421137,10.004000,6,10,,,,,,,0.150000,0.050000,2,0.000000,0.000000,0,0,0,1,,0.053989,3712,3694,17,22
3740,33.173651,0.020000,5.874428,9.997000,6,10,,,,,,,0.150000,0.050000,2,0.000000,0.000000,0,0,6,1,,0.037116,3740,3713,20,22
3771,33.575578,0.010000,4.923109,9.988000,6,10,,,,,,,0.150000,0.050000,2,0.000000,0.000000,0,0,0,1,,0.046211,3771,3747,23,22
3799,33.776151,0.000000,4.482644,9.986000,6,10,,,,,,,0.150000,0.050000,2,0.000000,0.000000,0,0,0,1,,0.036221,3799,3773,25,22
3827,33.973297,0.000000,4.049914,9.986000,6,10,,,,,,,0.150000,0.050000,2,0.000000,0.000000,0,0,0,1,,0.040481,3827,3800,26,22
3855,34.174047,0.000000,3.595386,9.987000,6,10,,,,,,,0.150000,0.050000,2,0.000000,0.000000,0,0,7,0,random_loss,0.000000,3855,3818,28,22
3886,34.576547,-0.010000,2.608256,9.992000,6,10,,,,,,,0.150000,0.050000,2,0.000000,0.000000,0,0,0,1,,0.033135,3886,3854,31,23
3914,34.771404,0.000000,2.083387,9.994000,6,10,,,,,,,0.150000,0.050000,2,0.000000,0.000000,0,0,0,1,,0.038041,3914,3880,33,23
3942,34.971349,0.000000,1.536750,9.997000,6,10,,,,,,,0.150000,0.050000,2,0.000000,0.000000,0,0,0,1,,0.049408,3942,3908,33,23
3970,35.173858,0.000000,0.968297,9.999000,6,10,,,,,,,0.150000,0.050000,2,0.000000,0.000000,0,0,4,1,,0.039777,3970,3932,33,23
4001,35.576217,0.000000,0.044721,10.004000,6,10,,,,,,,0.150000,0.050000,2,0.000000,0.000000,0,0,0,0,random_loss,0.000000,4001,3965,35,23
4029,35.776976,0.000000,0.290000,10.006000,6,10,,,,,,,0.150000,0.050000,2,0.000000,0.000000,0,0,0,0,random_loss,0.000000,4029,3990,38,23
4057,35.971510,0.000000,0.346554,10.007000,6,10,,,,,,,0.150000,0.050000,2,0.000000,0.000000,0,0,0,1,,0.059436,4057,4017,39,23
4085,36.176004,0.000000,0.311127,10.006000,6,10,,,,,,,0.150000,0.050000,2,0.000000,0.000000,0,0,7,1,,0.041172,4085,4037,40,23
4116,36.574873,0.000000,0.156205,10.003000,6,10,,,,,,,0.150000,0.050000,2,0.000000,0.000000,0,0,0,1,,0.046486,4116,4072,43,23
4144,36.776503,0.000000,0.094340,10.001000,6,10,,,,,,,0.150000,0.050000,2,0.000000,0.000000,0,0,0,1,,0.039355,4144,4098,45,23
4172,36.975685,0.000000,0.063246,10.000000,6,10,,,,,,,0.150000,0.050000,2,0.000000,0.000000,0,0,0,1,,0.053018,4172,4124,47,23
4200,37.176991,0.000000,0.041231,9.999000,6,10,,,,,,,0.150000,0.050000,2,0.000000,0.000000,0,0,8,1,,0.036888,4200,4141,50,25
4231,37.573185,0.000000,0.261725,9.997000,6,10,,,,,,,0.150000,0.050000,2,0.000000,0.000000,0,0,0,1,,0.059060,4231,4178,52,25
4259,37.776151,0.000000,0.680147,9.996000,6,10,,,,,,,0.150000,0.050000,2,0.000000,0.000000,0,0,0,1,,0.044346,4259,4203,55,25
4287,37.975106,0.000000,1.281444,9.994000,6,10,,,,,,,0.150000,0.050000,2,0.000000,0.000000,0,0,0,1,,0.061721,4287,4227,59,25
4315,38.174803,0.000000,1.946099,9.994000,6,10,,,,,,,0.150000,0.050000,2,0.000000,0.000000,0,0,6,1,,0.042781,4315,4247,61,25
4347,38.602081,-0.009202,2.591175,9.995000,6,10,,,,,,,0.150000,0.050000,2,0.000000,0.000000,0,0,0,1,,0.051499,4347,4281,65,25
4374,38.855168,-0.010000,3.228173,9.997000,6,10,,,,,,,0.150000,0.050000,2,0.000000,0.000000,0,0,0,1,,0.049577,4374,4307,66,25
4402,39.105177,-0.011502,3.843682,9.999000,6,10,,,,,,,0.150000,0.050000,2,0.000000,0.000000,0,0,0,1,,0.072650,4402,4331,70,25
4430,39.288251,-0.007305,4.393311,9.999000,6,10,,,,,,,0.150000,0.050000,2,0.000000,0.000000,0,0,0,1,,0.066075,4430,4357,72,25
4459,39.604562,-0.003674,4.929573,9.999000,6,10,,,,,,,0.150000,0.050000,2,0.000000,0.000000,0,0,0,1,,0.078970,4459,4384,74,25
4487,39.856715,-0.001908,5.476030,9.997000,6,10,,,,,,,0.150000,0.050000,2,0.000000,0.000000,0,0,0,1,,0.093538,4487,4407,79,25
4515,40.105394,-0.002002,6.033855,9.994000,6,10,,,,,,,0.150000,0.050000,2,0.000000,0.000000,0,21,0,1,,0.051338,4515,4419,95,25
4543,40.283908,-0.002564,6.611776,9.991000,6,10,,,,,,,0.150000,0.050000,2,0.000000,0.000000,0,47,0,1,,0.064729,4543,4432,110,25
4572,40.602946,-0.006238,7.183704,9.989000,6,10,,,,,,,0.150000,0.050000,2,0.000000,0.000000,0,72,0,0,throttle,0.000000,4572,4445,126,25
4600,40.732617,-0.018171,7.661111,9.988000,6,10,,,,,,,0.150000,0.050000,2,0.000000,0.000000,0,98,2,0,throttle,0.000000,4600,4456,141,25
4632,41.100939,-0.034029,7.869553,9.991000,6,10,,,,,,,0.150000,0.050000,2,0.000000,0.000000,0,124,0,0,throttle,0.000000,4632,4471,160,25
4660,41.284773,-0.035119,7.731359,9.995000,6,10,,,,,,,0.150000,0.050000,2,0.000000,0.000000,0,145,0,1,,0.132855,4660,4481,178,25
4689,41.607350,-0.014667,7.260056,9.998000,6,10,,,,,,,0.150000,0.050000,2,0.000000,0.000000,0,166,0,0,throttle,0.000000,4689,4492,196,25
4717,41.853293,0.012338,6.563067,9.993000,6,10,,,,,,,0.150000,0.050000,2,0.000000,0.000000,0,187,0,0,random_loss,0.000000,4717,4502,214,25
4745,42.105803,0.018321,5.864408,9.986000,6,10,,,,,,,0.150000,0.050000,2,0.000000,0.000000,0,211,0,1,,0.124718,4745,4514,230,25
4773,42.285494,0.008474,5.242307,9.979000,6,10,,,,,,,0.150000,0.050000,2,0.000000,0.000000,0,235,0,1,,0.108845,4773,4526,246,25
4802,42.604507,-0.003724,4.679654,9.977000,6,10,,,,,,,0.150000,0.050000,2,0.000000,0.000000,0,259,0,0,random_loss,0.000000,4802,4538,263,25
4830,42.852599,-0.012663,4.130253,9.978000,6,10,,,,,,,0.150000,0.050000,2,0.000000,0.000000,0,285,0,1,,0.111200,4830,4551,278,25
4858,43.101100,-0.016476,3.566382,9.981000,6,10,,,,,,,0.150000,0.050000,2,0.000000,0.000000,0,308,0,0,throttle,0.000000,4858,4563,294,25
4886,43.284399,-0.016509,2.971860,9.985000,6,10,,,,,,,0.150000,0.050000,2,0.000000,0.000000,0,332,0,0,throttle,0.000000,4886,4575,310,26
4915,43.602258,-0.014786,2.339527,9.990000,6,10,,,,,,,0.150000,0.050000,2,0.000000,0.000000,0,356,0,0,throttle,0.000000,4915,4587,327,26
4943,43.859641,-0.012036,1.672703,9.994000,6,10,,,,,,,0.150000,0.050000,2,0.000000,0.000000,0,381,0,1,,0.101753,4943,4599,343,26
4971,44.108056,-0.009092,0.976354,9.997000,6,10,,,,,,,0.150000,0.050000,2,0.000000,0.000000,0,407,0,1,,0.082081,4971,4612,358,26
4999,44.285611,-0.008334,0.302183,9.999000,6,10,,,,,,,0.150000,0.050000,2,0.000000,0.000000,0,430,0,0,throttle,0.000000,4999,4624,374,26
5028,44.435087,-0.008443,0.188316,10.002000,6,10,,,,,,,0.150000,0.050000,2,0.000000,0.000000,0,455,9,1,,0.090164,5028,4627,391,27
5058,44.853565,-0.001331,0.323492,10.003000,6,10,,,,,,,0.150000,0.050000,2,0.000000,0.000000,0,482,0,0,throttle,0.000000,5058,4650,407,27
5086,45.106861,0.004830,0.282034,10.003000,6,10,,,,,,,0.150000,0.050000,2,0.000000,0.000000,0,503,0,0,random_loss,0.000000,5086,4660,425,27
5114,45.284896,0.006572,0.192856,10.000000,6,10,,,,,,,0.150000,0.050000,2,0.000000,0.000000,0,527,0,1,,0.053965,5114,4672,441,27
5143,45.600556,0.004639,0.111066,9.998000,6,10,,,,,,,0.150000,0.050000,2,0.000000,0.000000,0,554,0,0,throttle,0.000000,5143,4686,456,27
5171,45.856358,0.001677,0.061998,9.996000,6,10,,,,,,,0.150000,0.050000,2,0.000000,0.000000,0,582,0,0,throttle,0.000000,5171,4700,470,27
5199,46.104229,-0.001088,0.043912,9.995000,6,10,,,,,,,0.150000,0.050000,2,0.000000,0.000000,0,605,0,1,,0.061889,5199,4711,487,29
5227,46.285220,-0.003481,0.031637,9.994000,6,10,,,,,,,0.150000,0.050000,2,0.000000,0.000000,0,630,0,0,throttle,0.000000,5227,4724,502,29
5256,46.534325,0.000000,0.347131,9.993000,6,10,,,,,,,0.150000,0.050000,2,0.000000,0.000000,0,655,0,1,,0.055277,5256,4736,519,29
5284,46.740567,0.000000,0.852760,9.992000,6,10,,,,,,,0.150000,0.050000,2,0.000000,0.000000,0,682,0,0,throttle,0.000000,5284,4750,533,29
5312,46.940500,0.000000,1.493051,9.991000,6,10,,,,,,,0.150000,0.050000,2,0.000000,0.000000,0,707,7,1,,0.051487,5312,4755,549,29
5342,47.286265,-0.010813,2.148809,9.991000,6,10,,,,,,,0.150000,0.050000,2,0.000000,0.000000,0,731,0,1,,0.062224,5342,4775,566,29
5371,47.538132,-0.010000,3.292203,9.995000,6,10,,,,,,,0.150000,0.050000,2,0.000000,0.000000,0,731,0,1,,0.070752,5371,4802,568,29
5399,47.737367,-0.010000,3.790383,9.996000,6,10,,,,,,,0.150000,0.050000,2,0.000000,0.000000,0,731,0,0,random_loss,0.000000,5399,4829,569,29
5427,47.934702,-0.010000,4.244879,9.998000,6,10,,,,,,,0.150000,0.050000,2,0.000000,0.000000,0,731,14,1,,0.052372,5427,4838,574,29
5457,48.285392,-0.007157,4.696637,9.998000,6,10,,,,,,,0.150000,0.050000,2,0.000000,0.000000,0,731,0,1,,0.065794,5457,4879,577,29
5487,48.538197,0.000000,5.567666,9.998000,6,10,,,,,,,0.150000,0.050000,2,0.000000,0.000000,0,731,0,1,,0.048775,5487,4906,580,29
5515,48.737779,0.000000,6.015879,9.997000,6,10,,,,,,,0.150000,0.050000,2,0.000000,0.000000,0,731,0,1,,0.033962,5515,4933,581,29
5543,48.937994,0.000000,6.485939,9.996000,6,10,,,,,,,0.150000,0.050000,2,0.000000,0.000000,0,731,2,1,,0.047016,5543,4956,584,29
5573,49.288669,-0.001925,6.959967,9.995000,6,10,,,,,,,0.150000,0.050000,2,0.000000,0.000000,0,731,0,1,,0.031783,5573,4985,587,29
5602,49.539709,-0.010000,7.716593,9.995000,6,10,,,,,,,0.150000,0.050000,2,0.000000,0.000000,0,731,0,1,,0.036081,5602,5011,590,29
5630,49.735314,-0.020000,7.866524,9.998000,6,10,,,,,,,0.150000,0.050000,2,0.000000,0.000000,0,731,0,1,,0.024508,5630,5038,591,29
5658,49.937790,-0.030000,7.788466,10.002000,6,10,,,,,,,0.150000,0.050000,2,0.000000,0.000000,0,731,0,1,,0.019911,5658,5065,592,29
5688,50.290275,-0.019135,7.495502,10.005000,6,10,,,,,,,0.150000,0.050000,2,0.000000,0.000000,0,731,0,1,,0.013535,5688,5093,594,29
5717,50.538426,0.020000,6.451581,10.000000,6,10,,,,,,,0.150000,0.050000,2,0.000000,0.000000,0,731,0,1,,0.008158,5717,5122,594,29
5745,50.738225,0.020000,5.897160,9.993000,6,10,,,,,,,0.150000,0.050000,2,0.000000,0.000000,0,731,0,1,,0.008847,5745,5150,594,29
5773,50.940246,0.010000,5.398944,9.986000,6,10,,,,,,,0.150000,0.050000,2,0.000000,0.000000,0,731,0,1,,0.005135,5773,5178,594,29
5803,51.286449,0.007507,4.944016,9.982000,6,10,,,,,,,0.150000,0.050000,2,0.000000,0.000000,0,731,0,1,,0.003133,5803,5208,594,29
5832,51.540324,0.000000,4.054282,9.980000,6,10,,,,,,,0.150000,0.050000,2,0.000000,0.000000,0,731,0,1,,0.001601,5832,5236,595,29
5860,51.736724,-0.010000,3.598291,9.981000,6,10,,,,,,,0.150000,0.050000,2,0.000000,0.000000,0,731,0,1,,0.000851,5860,5264,595,29
5888,51.940519,-0.010000,3.114177,9.983000,6,10,,,,,,,0.150000,0.050000,2,0.000000,0.000000,0,731,0,1,,0.000671,5888,5292,595,29
5918,52.287928,-0.015425,2.613295,9.986000,6,10,,,,,,,0.150000,0.050000,2,0.000000,0.000000,0,731,0,1,,0.000270,5918,5322,595,30
5947,52.535497,-0.010000,1.527547,9.991000,6,10,,,,,,,0.150000,0.050000,2,0.000000,0.000000,0,731,0,1,,0.000043,5947,5351,595,30
5975,52.740541,-0.010000,0.965453,9.994000,6,10,,,,,,,0.150000,0.050000,2,0.000000,0.000000,0,731,0,1,,0.000003,5975,5379,595,30
6003,52.936232,-0.010000,0.404722,9.996000,6,10,,,,,,,0.150000,0.050000,2,0.000000,0.000000,0,731,0,1,,0.000000,6003,5407,595,30
6033,53.286934,-0.012448,0.049283,9.999000,6,10,,,,,,,0.150000,0.050000,2,0.000000,0.000000,0,731,0,1,,0.000000,6033,5437,595,30
6062,53.603180,-0.009172,0.288933,10.001000,6,10,,,,,,,0.150000,0.050000,2,0.000000,0.000000,0,731,0,1,,0.000000,6062,5466,595,30
6089,53.854430,0.000000,0.330151,10.002000,6,10,,,,,,,0.150000,0.050000,2,0.000000,0.000000,0,731,0,1,,0.000000,6089,5493,595,30
6117,54.109206,0.003750,0.256954,10.001000,6,10,,,,,,,0.150000,0.050000,2,0.000000,0.000000,0,731,0,1,,0.000000,6117,5521,595,30
6145,54.288355,0.003828,0.163554,9.999000,6,10,,,,,,,0.150000,0.050000,2,0.000000,0.000000,0,731,0,1,,0.000002,6145,5549,595,30
6172,54.543930,0.000000,0.041231,9.996000,6,10,,,,,,,0.150000,0.050000,2,0.000000,0.000000,0,731,0,1,,0.000008,6172,5576,595,32
6200,54.745057,0.000000,0.058310,9.996000,6,10,,,,,,,0.150000,0.050000,2,0.000000,0.000000,0,731,0,1,,0.000007,6200,5604,595,32
6228,54.946567,0.000000,0.353836,9.995000,6,10,,,,,,,0.150000,0.050000,2,0.000000,0.000000,0,731,0,1,,0.000008,6228,5632,595,32
6258,55.287730,0.003106,0.872596,9.993000,6,10,,,,,,,0.150000,0.050000,2,0.000000,0.000000,0,731,0,1,,0.000000,6258,5662,595,32
6284,55.416486,-0.002443,1.502811,9.992000,6,10,,,,,,,0.150000,0.050000,2,0.000000,0.000000,0,731,0,1,,0.000000,6284,5688,595,32
6315,55.747997,-0.010000,2.728571,9.993000,6,10,,,,,,,0.150000,0.050000,2,0.000000,0.000000,0,731,0,1,,0.000000,6315,5719,595,32
6343,55.944055,-0.010000,3.262606,9.995000,6,10,,,,,,,0.150000,0.050000,2,0.000000,0.000000,0,731,0,1,,0.000000,6343,5747,595,32
6373,56.288765,-0.012984,3.761593,9.996000,6,10,,,,,,,0.150000,0.050000,2,0.000000,0.000000,0,731,0,1,,0.000000,6373,5777,595,32
6402,56.543521,0.000000,4.643113,9.999000,6,10,,,,,,,0.150000,0.050000,2,0.000000,0.000000,0,731,0,1,,0.000000,6402,5806,595,32
6430,56.747375,0.000000,5.083552,9.999000,6,10,,,,,,,0.150000,0.050000,2,0.000000,0.000000,0,731,0,1,,0.000000,6430,5834,595,32
6458,56.946690,0.000000,5.525477,9.999000,6,10,,,,,,,0.150000,0.050000,2,0.000000,0.000000,0,731,0,1,,0.000000,6458,5862,595,32
6488,57.286751,-0.001166,5.992219,9.998000,6,10,,,,,,,0.150000,0.050000,2,0.000000,0.000000,0,731,0,1,,0.000000,6488,5892,595,32
6517,57.548361,0.000000,6.927886,9.996000,6,10,,,,,,,0.150000,0.050000,2,0.000000,0.000000,0,731,0,1,,0.000000,6517,5921,595,32
6545,57.747908,0.000000,7.368311,9.995000,6,10,,,,,,,0.150000,0.050000,2,0.000000,0.000000,0,731,0,1,,0.000000,6545,5949,595,32
6573,57.948078,-0.010000,7.702532,9.995000,6,10,,,,,,,0.150000,0.050000,2,0.000000,0.000000,0,731,0,1,,0.000000,6573,5977,595,32
6603,58.289535,-0.027530,7.863107,9.998000,6,10,,,,,,,0.150000,0.050000,2,0.000000,0.000000,0,731,0,1,,0.000000,6603,6007,595,32
6633,58.548972,-0.010000,7.474530,10.006000,6,10,,,,,,,0.150000,0.050000,2,0.000000,0.000000,0,731,0,1,,0.000000,6633,6037,595,32
6661,58.748790,0.000000,6.991917,10.005000,6,10,,,,,,,0.150000,0.050000,2,0.000000,0.000000,0,731,0,1,,0.000000,6661,6065,595,32
6689,58.948276,0.020000,6.437523,10.001000,6,10,,,,,,,0.150000,0.050000,2,0.000000,0.000000,0,731,0,1,,0.000000,6689,6093,595,32
6719,59.287931,0.025930,5.896215,9.994000,6,10,,,,,,,0.150000,0.050000,2,0.000000,0.000000,0,731,0,1,,0.000000,6719,6123,595,32
6748,59.545721,0.000000,4.936659,9.983000,6,10,,,,,,,0.150000,0.050000,2,0.000000,0.000000,0,731,0,1,,0.000000,6748,6152,595,32
6776,59.744589,0.000000,4.502499,9.981000,6,10,,,,,,,0.150000,0.050000,2,0.000000,0.000000,0,731,0,1,,0.000000,6776,6180,595,32
6804,59.948551,0.000000,4.068341,9.981000,6,10,,,,,,,0.150000,0.050000,2,0.000000,0.000000,0,731,0,1,,0.000000,6804,6208,595,32
6834,60.289915,-0.012286,3.611777,9.982000,6,10,,,,,,,0.150000,0.050000,2,0.000000,0.000000,0,731,0,1,,0.000000,6834,6238,595,32
6863,60.548787,-0.010000,2.616008,9.986000,6,10,,,,,,,0.150000,0.050000,2,0.000000,0.000000,0,731,0,1,,0.000000,6863,6267,595,33
6891,60.747067,-0.010000,2.089713,9.988000,6,10,,,,,,,0.150000,0.050000,2,0.000000,0.000000,0,731,0,1,,0.000000,6891,6295,595,33
6919,60.945491,-0.010000,1.541623,9.991000,6,10,,,,,,,0.150000,0.050000,2,0.000000,0.000000,0,731,0,1,,0.000000,6919,6323,595,33
6949,61.289029,-0.012512,0.983852,9.993000,6,10,,,,,,,0.150000,0.050000,2,0.000000,0.000000,0,731,0,1,,0.000000,6949,6353,595,33
6978,61.547729,-0.010000,0.031623,9.998000,6,10,,,,,,,0.150000,0.050000,2,0.000000,0.000000,0,731,0,1,,0.000000,6978,6382,595,33
7006,61.746903,0.000000,0.258070,10.000000,6,10,,,,,,,0.150000,0.050000,2,0.000000,0.000000,0,731,0,1,,0.000000,7006,6410,595,33
7034,61.945913,0.000000,0.322025,10.001000,6,10,,,,,,,0.150000,0.050000,2,0.000000,0.000000,0,731,0,1,,0.000000,7034,6438,595,33
7064,62.288967,0.002723,0.284413,10.001000,6,10,,,,,,,0.150000,0.050000,2,0.000000,0.000000,0,731,0,1,,0.000000,7064,6468,595,33
7093,62.549321,0.000000,0.138924,9.998000,6,10,,,,,,,0.150000,0.050000,2,0.000000,0.000000,0,731,0,1,,0.000000,7093,6497,595,33
7121,62.748132,0.000000,0.089443,9.997000,6,10,,,,,,,0.150000,0.050000,2,0.000000,0.000000,0,731,0,1,,0.000000,7121,6525,595,34
7150,62.947672,0.000000,0.050990,9.996000,6,10,,,,,,,0.150000,0.050000,2,0.000000,0.000000,0,731,0,1,,0.000000,7150,6554,595,34
7180,63.290554,-0.017229,0.039360,9.997000,6,10,,,,,,,0.150000,0.050000,2,0.000000,0.000000,0,731,0,1,,0.000000,7180,6584,595,34
7209,63.549246,-0.150000,0.150333,10.024000,6,10,,,,,,,0.150000,0.050000,2,0.000000,0.000000,0,731,0,1,,0.000000,7209,6613,595,34
7237,63.748549,-0.270000,0.270185,10.066000,6,10,,,,,,,0.150000,0.050000,2,0.000000,0.000000,0,731,0,1,,0.000000,7237,6641,595,34
7265,63.948447,-0.430000,0.430000,10.135000,6,10,,,,,,,0.150000,0.050000,2,0.000000,0.000000,0,731,0,1,,0.000000,7265,6669,595,34
7295,64.287220,-0.616731,0.616741,10.239000,6,10,,,,,,,0.150000,0.050000,2,0.000000,0.000000,0,731,0,1,,0.000000,7295,6699,595,34
7324,64.549841,-0.990000,0.990000,10.560000,6,10,,,,,,,0.150000,0.050000,2,0.000000,0.000000,0,731,0,1,,0.000000,7324,6728,595,34
7352,64.749753,-1.180000,1.180042,10.777000,6,10,,,,,,,0.150000,0.050000,2,0.000000,0.000000,0,731,0,1,,0.000000,7352,6756,595,34
7380,64.948905,-1.340000,1.340037,11.030000,6,10,,,,,,,0.150000,0.050000,2,0.000000,0.000000,0,731,0,1,,0.000000,7380,6784,595,34
7410,65.288585,-1.482185,1.482292,11.313000,6,10,,,,,,,0.150000,0.050000,2,0.000000,0.000000,0,731,0,1,,0.000000,7410,6814,595,34
7439,65.547848,-1.630000,1.630031,11.944000,6,10,,,,,,,0.150000,0.050000,2,0.000000,0.000000,0,731,0,1,,0.000000,7439,6843,595,34
7467,65.747973,-1.650000,1.650030,12.277000,6,10,,,,,,,0.150000,0.050000,2,0.000000,0.000000,0,731,0,1,,0.000000,7467,6871,595,34
7495,65.949522,-1.640000,1.640030,12.609000,6,10,,,,,,,0.150000,0.050000,2,0.000000,0.000000,0,731,0,1,,0.000000,7495,6899,595,34
7525,66.290647,-1.624659,1.624802,12.939000,6,10,,,,,,,0.150000,0.050000,2,0.000000,0.000000,0,731,0,1,,0.000000,7525,6929,595,34
7554,66.549873,-1.520000,1.520066,13.580000,6,10,,,,,,,0.150000,0.050000,2,0.000000,0.000000,0,731,0,1,,0.000000,7554,6958,595,34
7582,66.749641,-1.420000,1.420141,13.878000,6,10,,,,,,,0.150000,0.050000,2,0.000000,0.000000,0,731,0,1,,0.000000,7582,6986,595,34
7610,66.951114,-1.280000,1.280195,14.154000,6,10,,,,,,,0.150000,0.050000,2,0.000000,0.000000,0,731,0,1,,0.000000,7610,7014,595,34
7640,67.292773,-1.114773,1.119008,14.398000,6,10,,,,,,,0.150000,0.050000,2,0.000000,0.000000,0,731,0,1,,0.000000,7640,7044,595,34
7669,67.547437,-0.700000,0.792275,14.768000,6,10,,,,,,,0.150000,0.050000,2,0.000000,0.000000,0,731,0,1,,0.000000,7669,7073,595,34
7697,67.750685,-0.500000,0.775113,14.892000,6,10,,,,,,,0.150000,0.050000,2,0.000000,0.000000,0,731,0,1,,0.000000,7697,7101,595,34
7725,67.950931,-0.310000,0.902164,14.974000,6,10,,,,,,,0.150000,0.050000,2,0.000000,0.000000,0,731,0,1,,0.000000,7725,7129,595,34
7755,68.291481,-0.149833,1.164017,15.019000,6,10,,,,,,,0.150000,0.050000,2,0.000000,0.000000,0,731,0,1,,0.000000,7755,7159,595,34
7785,68.608040,-0.030442,1.497247,15.035000,6,10,,,,,,,0.150000,0.050000,2,0.000000,0.000000,0,731,0,1,,0.000000,7785,7189,595,34
7812,68.862948,0.050000,1.991632,15.027000,6,10,,,,,,,0.150000,0.050000,2,0.000000,0.000000,0,731,0,1,,0.000000,7812,7216,595,34
7840,69.109442,0.075244,2.513735,15.006000,6,10,,,,,,,0.150000,0.050000,2,0.000000,0.000000,0,731,0,1,,0.000000,7840,7244,595,34
7868,69.291894,0.047769,3.055017,14.986000,6,10,,,,,,,0.150000,0.050000,2,0.000000,0.000000,0,731,0,1,,0.000000,7868,7272,595,34
7897,69.612919,0.015105,3.609158,14.974000,6,10,,,,,,,0.150000,0.050000,2,0.000000,0.000000,0,731,0,1,,0.000000,7897,7301,595,34
7925,69.860346,-0.011076,4.158141,14.969000,6,10,,,,,,,0.150000,0.050000,2,0.000000,0.000000,0,731,0,1,,0.000000,7925,7329,595,34
7953,70.108831,-0.024888,4.680457,14.970000,6,10,,,,,,,0.150000,0.050000,2,0.000000,0.000000,0,731,0,1,,0.000000,7953,7357,595,34
7981,70.290292,-0.029147,5.184632,14.973000,6,10,,,,,,,0.150000,0.050000,2,0.000000,0.000000,0,731,0,1,,0.000000,7981,7385,595,34
8010,70.609987,-0.027027,5.690921,14.976000,6,10,,,,,,,0.150000,0.050000,2,0.000000,0.000000,0,731,0,1,,0.000000,8010,7414,595,34
8038,70.862035,-0.022587,6.218872,14.979000,6,10,,,,,,,0.150000,0.050000,2,0.000000,0.000000,0,731,0,1,,0.000000,8038,7442,595,34
8066,71.113357,-0.017676,6.768667,14.981000,6,10,,,,,,,0.150000,0.050000,2,0.000000,0.000000,0,731,0,1,,0.000000,8066,7470,595,34
8094,71.289086,-0.015678,7.306834,14.982000,6,10,,,,,,,0.150000,0.050000,2,0.000000,0.000000,0,731,0,1,,0.000000,8094,7498,595,34
8123,71.610589,-0.016251,7.795721,14.983000,6,10,,,,,,,0.150000,0.050000,2,0.000000,0.000000,0,731,0,1,,0.000000,8123,7527,595,34
8151,71.738002,-0.016061,8.219356,14.984000,6,10,,,,,,,0.150000,0.050000,2,0.000000,0.000000,0,731,0,1,,0.000000,8151,7555,595,34
8182,72.107537,-0.015128,8.579998,14.985000,6,10,,,,,,,0.150000,0.050000,2,0.000000,0.000000,0,731,0,1,,0.000000,8182,7586,595,34
8210,72.290744,-0.014013,8.879869,14.986000,6,10,,,,,,,0.150000,0.050000,2,0.000000,0.000000,0,731,0,1,,0.000000,8210,7614,595,34
8239,72.608104,-0.013993,9.131740,14.986000,6,10,,,,,,,0.150000,0.050000,2,0.000000,0.000000,0,731,0,1,,0.000000,8239,7643,595,34
8267,72.859434,-0.013916,9.337165,14.987000,6,10,,,,,,,0.150000,0.050000,2,0.000000,0.000000,0,731,0,1,,0.000000,8267,7671,595,34
8295,73.113536,-0.014904,9.496502,14.988000,6,10,,,,,,,0.150000,0.050000,2,0.000000,0.000000,0,731,0,1,,0.000000,8295,7699,595,34
8323,73.291136,-0.015647,9.603300,14.989000,6,10,,,,,,,0.150000,0.050000,2,0.000000,0.000000,0,731,0,1,,0.000000,8323,7727,595,34
8352,73.610650,-0.016478,9.660471,14.990000,6,10,,,,,,,0.150000,0.050000,2,0.000000,0.000000,0,731,0,1,,0.000000,8352,7756,595,34
8380,73.863213,-0.014987,9.676625,14.991000,6,10,,,,,,,0.150000,0.050000,2,0.000000,0.000000,0,731,0,1,,0.000070,8380,7784,595,34
8408,74.109917,-0.011041,9.684200,14.992000,6,10,,,,,,,0.150000,0.050000,2,0.000000,0.000000,0,731,0,1,,0.000913,8408,7812,595,34
8436,74.292004,-0.007472,9.705137,14.992000,6,10,,,,,,,0.150000,0.050000,2,0.000000,0.000000,0,731,0,1,,0.002621,8436,7840,595,34
8465,74.606785,-0.005609,9.738795,14.992000,6,10,,,,,,,0.150000,0.050000,2,0.000000,0.000000,0,731,0,1,,0.003502,8465,7869,595,34
8493,74.858125,-0.005343,9.783145,14.991000,6,10,,,,,,,0.150000,0.050000,2,0.000000,0.000000,0,731,0,1,,0.004412,8493,7896,596,34
8521,75.111289,-0.005865,9.829861,14.991000,6,10,,,,,,,0.150000,0.050000,2,0.000000,0.000000,0,731,0,1,,0.005351,8521,7924,596,34
8549,75.293733,-0.007203,9.871657,14.991000,6,10,,,,,,,0.150000,0.050000,2,0.000000,0.000000,0,731,0,1,,0.006675,8549,7952,596,34
8578,75.610880,-0.008000,9.902715,14.991000,6,10,,,,,,,0.150000,0.050000,2,0.000000,0.000000,0,731,0,1,,0.008542,8578,7980,597,34
8606,75.862189,-0.009200,9.924548,14.991000,6,10,,,,,,,0.150000,0.050000,2,0.000000,0.000000,0,731,0,1,,0.012062,8606,8008,597,34
8634,76.108814,-0.008916,9.937065,14.991000,6,10,,,,,,,0.150000,0.050000,2,0.000000,0.000000,0,731,0,1,,0.013103,8634,8035,598,34
8662,76.290845,-0.009132,9.944272,14.992000,6,10,,,,,,,0.150000,0.050000,2,0.000000,0.000000,0,731,0,1,,0.016051,8662,8061,600,34
8691,76.612179,-0.008365,9.944778,14.992000,6,10,,,,,,,0.150000,0.050000,2,0.000000,0.000000,0,731,0,1,,0.018465,8691,8089,601,34
8719,76.858643,-0.007811,9.942610,14.992000,6,10,,,,,,,0.150000,0.050000,2,0.000000,0.000000,0,731,0,1,,0.017770,8719,8117,601,34
8747,77.113216,-0.007919,9.940363,14.992000,6,10,,,,,,,0.150000,0.050000,2,0.000000,0.000000,0,731,0,1,,0.017538,8747,8144,602,34
8775,77.294514,-0.008053,9.938417,14.992000,6,10,,,,,,,0.150000,0.050000,2,0.000000,0.000000,0,731,0,1,,0.010477,8775,8172,602,34
8804,77.614731,-0.007449,9.936401,14.992000,6,10,,,,,,,0.150000,0.050000,2,0.000000,0.000000,0,731,0,1,,0.013710,8804,8200,603,34
8832,77.864252,-0.007050,9.935999,14.992000,6,10,,,,,,,0.150000,0.050000,2,0.000000,0.000000,0,731,0,1,,0.009011,8832,8228,603,34
8860,78.111081,-0.006696,9.938369,14.992000,6,10,,,,,,,0.150000,0.050000,2,0.000000,0.000000,0,731,0,0,random_loss,0.000000,8860,8255,604,34
8888,78.294110,-0.006820,9.944762,14.991000,6,10,,,,,,,0.150000,0.050000,2,0.000000,0.000000,0,731,0,1,,0.006750,8888,8282,605,34
8918,78.613128,-0.007801,9.950968,14.991000,6,10,,,,,,,0.150000,0.050000,2,0.000000,0.000000,0,731,0,1,,0.002672,8918,8312,605,34
8946,78.861338,-0.011129,9.934893,14.992000,6,10,,,,,,,0.150000,0.050000,2,0.000000,0.000000,0,731,0,1,,0.001688,8946,8340,605,34
8974,79.113369,-0.016311,9.858495,14.993000,6,10,,,,,,,0.150000,0.050000,2,0.000000,0.000000,0,731,0,1,,0.000633,8974,8368,605,34
9002,79.295257,-0.018599,9.698280,14.996000,6,10,,,,,,,0.150000,0.050000,2,0.000000,0.000000,0,731,0,1,,0.000020,9002,8396,605,34
9031,79.611944,-0.016906,9.467206,14.999000,6,10,,,,,,,0.150000,0.050000,2,0.000000,0.000000,0,731,0,1,,0.000000,9031,8425,605,34
9059,79.865285,-0.012228,9.176795,15.000000,6,10,,,,,,,0.150000,0.050000,2,0.000000,0.000000,0,731,0,1,,0.000000,9059,8453,605,34
9087,80.110327,-0.007155,8.832432,15.001000,6,10,,,,,,,0.150000,0.050000,2,0.000000,0.000000,0,731,0,1,,0.000000,9087,8481,605,34
9115,80.292345,-0.002058,8.430219,15.000000,6,10,,,,,,,0.150000,0.050000,2,0.000000,0.000000,0,731,0,1,,0.000000,9115,8509,605,34
9144,80.612876,0.002721,7.971787,14.998000,6,10,,,,,,,0.150000,0.050000,2,0.000000,0.000000,0,731,0,1,,0.000000,9144,8538,605,34
9172,80.858576,0.006630,7.446493,14.995000,6,10,,,,,,,0.150000,0.050000,2,0.000000,0.000000,0,731,0,1,,0.000000,9172,8566,605,34
9200,81.110730,0.009938,6.852454,14.992000,6,10,,,,,,,0.150000,0.050000,2,0.000000,0.000000,0,731,0,1,,0.000000,9200,8594,605,34
9228,81.292536,0.010250,6.198576,14.987000,6,10,,,,,,,0.150000,0.050000,2,0.000000,0.000000,0,731,0,1,,0.000000,9228,8622,605,34
9257,81.614839,0.005239,5.536554,14.983000,6,10,,,,,,,0.150000,0.050000,2,0.000000,0.000000,0,731,0,1,,0.000000,9257,8651,605,34
9285,81.861557,-0.002469,4.877804,14.981000,6,10,,,,,,,0.150000,0.050000,2,0.000000,0.000000,0,731,0,1,,0.000000,9285,8679,605,34
9313,82.113912,-0.009535,4.225583,14.981000,6,10,,,,,,,0.150000,0.050000,2,0.000000,0.000000,0,731,0,1,,0.000000,9313,8707,605,34
9341,82.293249,-0.013957,3.571546,14.982000,6,10,,,,,,,0.150000,0.050000,2,0.000000,0.000000,0,731,0,1,,0.000000,9341,8735,605,34
9370,82.608701,-0.015849,2.917277,14.983000,6,10,,,,,,,0.150000,0.050000,2,0.000000,0.000000,0,731,0,1,,0.000000,9370,8764,605,34
9398,82.861713,-0.017246,2.278027,14.985000,6,10,,,,,,,0.150000,0.050000,2,0.000000,0.000000,0,731,0,1,,0.000000,9398,8792,605,34
9426,83.109179,-0.017055,1.690752,14.987000,6,10,,,,,,,0.150000,0.050000,2,0.000000,0.000000,0,731,0,1,,0.000000,9426,8820,605,34
9454,83.292594,-0.015480,1.182775,14.988000,6,10,,,,,,,0.150000,0.050000,2,0.000000,0.000000,0,731,0,1,,0.000000,9454,8848,605,34
9483,83.616249,-0.013151,0.759441,14.989000,6,10,,,,,,,0.150000,0.050000,2,0.000000,0.000000,0,731,0,1,,0.000000,9483,8877,605,34
9511,83.864321,-0.011129,0.423742,14.989000,6,10,,,,,,,0.150000,0.050000,2,0.000000,0.000000,0,731,0,1,,0.000000,9511,8905,605,34
9539,84.112198,-0.009483,0.166373,14.990000,6,10,,,,,,,0.150000,0.050000,2,0.000000,0.000000,0,731,0,1,,0.000000,9539,8933,605,34
9567,84.297602,-0.008942,0.023026,14.989000,6,10,,,,,,,0.150000,0.050000,2,0.000000,0.000000,0,731,0,1,,0.000000,9567,8961,605,34
9596,84.613559,-0.008385,0.137971,14.988000,6,10,,,,,,,0.150000,0.050000,2,0.000000,0.000000,0,731,0,1,,0.000000,9596,8990,605,34
9624,84.863982,-0.009279,0.187127,14.988000,6,10,,,,,,,0.150000,0.050000,2,0.000000,0.000000,0,731,0,1,,0.000000,9624,9018,605,34
9652,85.113997,-0.009931,0.176040,14.987000,6,10,,,,,,,0.150000,0.050000,2,0.000000,0.000000,0,731,0,1,,0.000000,9652,9046,605,34
9680,85.297583,-0.010829,0.124670,14.987000,6,10,,,,,,,0.150000,0.050000,2,0.000000,0.000000,0,731,0,1,,0.000000,9680,9074,605,34
9709,85.614710,-0.011307,0.071124,14.988000,6,10,,,,,,,0.150000,0.050000,2,0.000000,0.000000,0,731,0,1,,0.000000,9709,9103,605,34
9737,85.861864,-0.011034,0.041997,14.988000,6,10,,,,,,,0.150000,0.050000,2,0.000000,0.000000,0,731,0,1,,0.000000,9737,9131,605,34
9765,86.113002,-0.011015,0.037138,14.989000,6,10,,,,,,,0.150000,0.050000,2,0.000000,0.000000,0,731,0,1,,0.000000,9765,9159,605,34
9793,86.293912,-0.009818,0.049614,14.990000,6,10,,,,,,,0.150000,0.050000,2,0.000000,0.000000,0,731,0,1,,0.000000,9793,9187,605,34
9822,86.615005,-0.009213,0.069221,14.991000,6,10,,,,,,,0.150000,0.050000,2,0.000000,0.000000,0,731,0,1,,0.000000,9822,9216,605,34
9841,86.670762,0.000000,0.080000,14.992000,6,10,,,,,,,0.150000,0.050000,2,0.000000,0.000000,0,731,0,1,,0.000000,9841,9235,605,34
9878,87.111413,-0.007217,0.096265,14.993000,6,10,,,,,,,0.150000,0.050000,2,0.000000,0.000000,0,731,0,1,,0.000000,9878,9272,605,34
9906,87.293340,-0.006288,0.099481,14.993000,6,10,,,,,,,0.150000,0.050000,2,0.000000,0.000000,0,731,0,1,,0.000000,9906,9300,605,34
9927,87.416295,0.000000,0.090000,14.994000,6,10,,,,,,,0.150000,0.050000,2,0.000000,0.000000,0,731,0,1,,0.000000,9927,9321,605,34
9963,87.863947,-0.005161,0.087460,14.994000,6,10,,,,,,,0.150000,0.050000,2,0.000000,0.000000,0,731,0,1,,0.000000,9963,9357,605,34
9991,88.114937,-0.004296,0.076328,14.995000,6,10,,,,,,,0.150000,0.050000,2,0.000000,0.000000,0,731,0,1,,0.000000,9991,9385,605,34
10007,88.166823,0.000000,0.060000,14.995000,6,10,,,,,,,0.150000,0.050000,2,0.000000,0.000000,0,731,0,1,,0.000000,10007,9401,605,34
10033,88.419045,0.000000,0.050000,14.995000,6,10,,,,,,,0.150000,0.050000,2,0.000000,0.000000,0,731,0,1,,0.000000,10033,9427,605,34
10064,88.670480,0.000000,0.040000,14.996000,6,10,,,,,,,0.150000,0.050000,2,0.000000,0.000000,0,731,0,1,,0.000000,10064,9458,605,34
10095,88.919690,0.000000,0.030000,14.997000,6,10,,,,,,,0.150000,0.050000,2,0.000000,0.000000,0,731,0,1,,0.000000,10095,9489,605,34
10133,89.293440,-0.002531,0.031733,14.997000,6,10,,,,,,,0.150000,0.050000,2,0.000000,0.000000,0,731,0,1,,0.000000,10133,9527,605,34
10162,89.614881,-0.001815,0.028555,14.997000,6,10,,,,,,,0.150000,0.050000,2,0.000000,0.000000,0,731,0,1,,0.000000,10162,9556,605,34
10190,89.865413,-0.001707,0.026633,14.998000,6,10,,,,,,,0.150000,0.050000,2,0.000000,0.000000,0,731,0,1,,0.000000,10190,9584,605,34
10218,90.116780,-0.001449,0.025885,14.998000,6,10,,,,,,,0.150000,0.050000,2,0.000000,0.000000,0,731,0,1,,0.000000,10218,9612,605,34
10245,90.293829,0.076057,0.080201,14.993000,6,10,,,,,,,0.150000,0.050000,2,0.000000,0.000000,0,731,0,1,,0.000000,10245,9639,605,34
10273,90.613858,0.310763,0.311771,14.945000,6,10,,,,,,,0.150000,0.050000,2,0.000000,0.000000,0,731,0,1,,0.000000,10273,9667,605,34
10300,90.865464,0.587093,0.587618,14.833000,6,10,,,,,,,0.150000,0.050000,2,0.000000,0.000000,0,731,0,1,,0.000000,10300,9694,605,34
10327,91.115890,0.867543,0.867924,14.654000,6,10,,,,,,,0.150000,0.050000,2,0.000000,0.000000,0,731,0,1,,0.000000,10327,9721,605,34
10354,91.296928,1.142623,1.142924,14.406000,6,10,,,,,,,0.150000,0.050000,2,0.000000,0.000000,0,731,0,1,,0.000000,10354,9748,605,34
10382,91.617911,1.402921,1.403169,14.086000,6,10,,,,,,,0.150000,0.050000,2,0.000000,0.000000,0,731,0,1,,0.000000,10382,9776,605,34
10409,91.863391,1.543628,1.543853,13.709000,6,10,,,,,,,0.150000,0.050000,2,0.000000,0.000000,0,731,0,1,,0.000000,10409,9803,605,34
10436,92.113734,1.574037,1.574255,13.315000,6,10,,,,,,,0.150000,0.050000,2,0.000000,0.000000,0,731,0,1,,0.000000,10436,9830,605,34
10463,92.296200,1.555197,1.555399,12.920000,6,10,,,,,,,0.150000,0.050000,2,0.000000,0.000000,0,731,0,1,,0.000000,10463,9857,605,34
10491,92.616036,1.522899,1.523083,12.531000,6,10,,,,,,,0.150000,0.050000,2,0.000000,0.000000,0,731,0,1,,0.000000,10491,9885,605,34
10518,92.861508,1.494329,1.494498,12.148000,6,10,,,,,,,0.150000,0.050000,2,0.000000,0.000000,0,731,0,1,,0.000000,10518,9912,605,34
10545,93.112598,1.475687,1.475840,11.775000,6,10,,,,,,,0.150000,0.050000,2,0.000000,0.000000,0,731,0,1,,0.000000,10545,9939,605,34
10572,93.293164,1.446894,1.447030,11.404000,6,10,,,,,,,0.150000,0.050000,2,0.000000,0.000000,0,731,0,1,,0.000000,10572,9966,605,34
10600,93.614418,1.287788,1.287931,11.055000,6,10,,,,,,,0.150000,0.050000,2,0.000000,0.000000,0,731,0,1,,0.000000,10600,9994,605,34
10627,93.864902,1.033290,1.033468,10.756000,6,10,,,,,,,0.150000,0.050000,2,0.000000,0.000000,0,731,0,1,,0.000000,10627,10021,605,34
10654,94.116599,0.758223,0.758468,10.529000,6,10,,,,,,,0.150000,0.050000,2,0.000000,0.000000,0,731,0,1,,0.000000,10654,10048,605,34
10681,94.297552,0.522976,0.523316,10.369000,6,10,,,,,,,0.150000,0.050000,2,0.000000,0.000000,0,731,0,1,,0.000000,10681,10075,605,34
10709,94.615252,0.424818,0.425208,10.252000,6,10,,,,,,,0.150000,0.050000,2,0.000000,0.000000,0,731,0,1,,0.000000,10709,10103,605,34
10736,94.866471,0.410710,0.411081,10.147000,6,10,,,,,,,0.150000,0.050000,2,0.000000,0.000000,0,731,0,1,,0.000000,10736,10130,605,34
10763,95.111217,0.433537,0.433888,10.043000,6,10,,,,,,,0.150000,0.050000,2,0.000000,0.000000,0,731,0,1,,0.000000,10763,10157,605,34
10790,95.298189,0.464700,0.465025,9.932000,6,10,,,,,,,0.150000,0.050000,2,0.000000,0.000000,0,731,0,1,,0.000000,10790,10184,605,34
10818,95.613821,0.491053,0.491352,9.815000,6,10,,,,,,,0.150000,0.050000,2,0.000000,0.000000,0,731,0,1,,0.000000,10818,10212,605,34
10845,95.865262,0.508183,0.508492,9.692000,6,10,,,,,,,0.150000,0.050000,2,0.000000,0.000000,0,731,0,1,,0.000000,10845,10239,605,34
10872,96.117177,0.515977,0.516355,9.565000,6,10,,,,,,,0.150000,0.050000,2,0.000000,0.000000,0,731,0,1,,0.000000,10872,10266,605,34
10899,96.294546,0.518180,0.518638,9.437000,6,10,,,,,,,0.150000,0.050000,2,0.000000,0.000000,0,731,0,1,,0.000000,10899,10293,605,34
10927,96.618433,0.516032,0.516556,9.310000,6,10,,,,,,,0.150000,0.050000,2,0.000000,0.000000,0,731,0,1,,0.000000,10927,10321,605,34
10954,96.862834,0.514006,0.514588,9.183000,6,10,,,,,,,0.150000,0.050000,2,0.000000,0.000000,0,731,0,1,,0.000000,10954,10348,605,34
10981,97.115609,0.511606,0.512245,9.056000,6,10,,,,,,,0.150000,0.050000,2,0.000000,0.000000,0,731,0,1,,0.000000,10981,10375,605,34
11008,97.298023,0.509422,0.510068,8.931000,6,10,,,,,,,0.150000,0.050000,2,0.000000,0.000000,0,731,0,1,,0.000000,11008,10402,605,34
11036,97.614415,0.508421,0.509024,8.806000,6,10,,,,,,,0.150000,0.050000,2,0.000000,0.000000,0,731,0,1,,0.000000,11036,10430,605,34
11063,97.865022,0.507687,0.508220,8.680000,6,10,,,,,,,0.150000,0.050000,2,0.000000,0.000000,0,731,0,1,,0.000000,11063,10457,605,34
11090,98.115888,0.507001,0.507501,8.553000,6,10,,,,,,,0.150000,0.050000,2,0.000000,0.000000,0,731,0,1,,0.000000,11090,10484,605,34
11117,98.298146,0.506431,0.506929,8.427000,6,10,,,,,,,0.150000,0.050000,2,0.000000,0.000000,0,731,0,1,,0.000000,11117,10511,605,34
11146,98.616493,0.505549,0.506046,8.302000,6,10,,,,,,,0.150000,0.050000,2,0.000000,0.000000,0,731,0,1,,0.000000,11146,10540,605,34
11173,98.868953,0.505202,0.505655,8.177000,6,10,,,,,,,0.150000,0.050000,2,0.000000,0.000000,0,731,0,1,,0.000000,11173,10567,605,34
11200,99.114301,0.505000,0.505389,8.051000,6,10,,,,,,,0.150000,0.050000,2,0.000000,0.000000,0,731,0,1,,0.000000,11200,10594,605,34
11227,99.296859,0.504816,0.505137,7.927000,6,10,,,,,,,0.150000,0.050000,2,0.000000,0.000000,0,731,0,1,,0.000000,11227,10621,605,34
11245,99.416828,0.500000,0.500100,7.802000,6,10,,,,,,,0.150000,0.050000,2,0.000000,0.000000,0,731,0,1,,0.000000,11245,10639,605,34
11282,99.865825,0.504012,0.504229,7.677000,6,10,,,,,,,0.150000,0.050000,2,0.000000,0.000000,0,731,0,1,,0.000000,11282,10676,605,34
11309,100.121289,0.503715,0.503932,7.550000,6,10,,,,,,,0.150000,0.050000,2,0.000000,0.000000,0,731,0,1,,0.000000,11309,10703,605,34
11336,100.297295,0.503342,0.503584,7.425000,6,10,,,,,,,0.150000,0.050000,2,0.000000,0.000000,0,731,0,1,,0.000000,11336,10730,605,34
11364,100.617496,0.503212,0.503486,7.300000,6,10,,,,,,,0.150000,0.050000,2,0.000000,0.000000,0,731,0,1,,0.000000,11364,10758,605,34
11391,100.869474,0.503204,0.503493,7.175000,6,10,,,,,,,0.150000,0.050000,2,0.000000,0.000000,0,731,0,1,,0.000000,11391,10785,605,34
11418,101.115095,0.503475,0.503769,7.050000,6,10,,,,,,,0.150000,0.050000,2,0.000000,0.000000,0,731,0,1,,0.000000,11418,10812,605,34
11445,101.296864,0.503108,0.503383,6.926000,6,10,,,,,,,0.150000,0.050000,2,0.000000,0.000000,0,731,0,1,,0.000000,11445,10839,605,34
11473,101.615580,0.502926,0.503194,6.801000,6,10,,,,,,,0.150000,0.050000,2,0.000000,0.000000,0,731,0,1,,0.000000,11473,10867,605,34
11500,101.747257,0.502856,0.503130,6.676000,6,10,,,,,,,0.150000,0.050000,2,0.000000,0.000000,0,731,0,1,,0.000000,11500,10894,605,34
11530,102.119947,0.502840,0.503125,6.550000,6,10,,,,,,,0.150000,0.050000,2,0.000000,0.000000,0,731,0,1,,0.000000,11530,10924,605,34
11557,102.299215,0.502532,0.502815,6.424000,6,10,,,,,,,0.150000,0.050000,2,0.000000,0.000000,0,731,0,1,,0.000000,11557,10951,605,34
11585,102.619493,0.502187,0.502480,6.299000,6,10,,,,,,,0.150000,0.050000,2,0.000000,0.000000,0,731,0,1,,0.000000,11585,10979,605,34
11612,102.870005,0.502209,0.502518,6.174000,6,10,,,,,,,0.150000,0.050000,2,0.000000,0.000000,0,731,0,1,,0.000000,11612,11006,605,34
11639,103.117878,0.502320,0.502656,6.049000,6,10,,,,,,,0.150000,0.050000,2,0.000000,0.000000,0,731,0,1,,0.000000,11639,11033,605,34
11666,103.296047,0.502317,0.502666,5.924000,6,10,,,,,,,0.150000,0.050000,2,0.000000,0.000000,0,731,0,1,,0.000000,11666,11060,605,34
11694,103.618425,0.502039,0.502391,5.799000,6,10,,,,,,,0.150000,0.050000,2,0.000000,0.000000,0,731,0,1,,0.000000,11694,11088,605,34
11721,103.865901,0.501757,0.502099,5.674000,6,10,,,,,,,0.150000,0.050000,2,0.000000,0.000000,0,731,0,1,,0.000000,11721,11115,605,34
11748,104.119436,0.501586,0.501917,5.549000,6,10,,,,,,,0.150000,0.050000,2,0.000000,0.000000,0,731,0,1,,0.000000,11748,11142,605,34
11775,104.298756,0.501084,0.501403,5.422000,6,10,,,,,,,0.150000,0.050000,2,0.000000,0.000000,0,731,0,1,,0.000000,11775,11169,605,34
11803,104.620554,0.500444,0.500792,5.296000,6,10,,,,,,,0.150000,0.050000,2,0.000000,0.000000,0,731,0,1,,0.000000,11803,11197,605,34
11830,104.869369,0.499987,0.500400,5.171000,6,10,,,,,,,0.150000,0.050000,2,0.000000,0.000000,0,731,0,1,,0.000000,11830,11224,605,34
11857,105.116507,0.499634,0.500145,5.046000,6,10,,,,,,,0.150000,0.050000,2,0.000000,0.000000,0,731,0,1,,0.000000,11857,11251,605,34
11884,105.297571,0.499549,0.500136,4.921000,6,10,,,,,,,0.150000,0.050000,2,0.000000,0.000000,0,731,0,1,,0.000000,11884,11278,605,34
11912,105.615681,0.499358,0.500013,4.797000,6,10,,,,,,,0.150000,0.050000,2,0.000000,0.000000,0,731,0,1,,0.000000,11912,11306,605,34
11939,105.866120,0.499213,0.499900,4.672000,6,10,,,,,,,0.150000,0.050000,2,0.000000,0.000000,0,731,0,1,,0.000000,11939,11333,605,34
11966,106.121343,0.499429,0.500105,4.547000,6,10,,,,,,,0.150000,0.050000,2,0.000000,0.000000,0,731,0,1,,0.000000,11966,11360,605,34
11993,106.299716,0.499587,0.500211,4.421000,6,10,,,,,,,0.150000,0.050000,2,0.000000,0.000000,0,731,0,1,,0.000000,11993,11387,605,34
12021,106.620770,0.499840,0.500412,4.296000,6,10,,,,,,,0.150000,0.050000,2,0.000000,0.000000,0,731,0,1,,0.000000,12021,11415,605,34
12048,106.869227,0.500076,0.500618,4.172000,6,10,,,,,,,0.150000,0.050000,2,0.000000,0.000000,0,731,0,1,,0.000000,12048,11442,605,34
12075,107.119442,0.500402,0.500926,4.047000,6,10,,,,,,,0.150000,0.050000,2,0.000000,0.000000,0,731,0,1,,0.000000,12075,11469,605,34
12102,107.296844,0.500591,0.501092,3.922000,6,10,,,,,,,0.150000,0.050000,2,0.000000,0.000000,0,731,0,1,,0.000000,12102,11496,605,34
12130,107.614610,0.500541,0.501042,3.798000,6,10,,,,,,,0.150000,0.050000,2,0.000000,0.000000,0,731,0,1,,0.000000,12130,11524,605,34
12157,107.869388,0.500450,0.500965,3.673000,6,10,,,,,,,0.150000,0.050000,2,0.000000,0.000000,0,731,0,1,,0.000000,12157,11551,605,34
12184,108.118175,0.500615,0.501110,3.548000,6,10,,,,,,,0.150000,0.050000,2,0.000000,0.000000,0,731,0,1,,0.000000,12184,11578,605,34
12211,108.300588,0.500512,0.500939,3.423000,6,10,,,,,,,0.150000,0.050000,2,0.000000,0.000000,0,731,0,1,,0.000000,12211,11605,605,34
12240,108.617200,0.500306,0.500657,3.296000,6,10,,,,,,,0.150000,0.050000,2,0.000000,0.000000,0,731,0,1,,0.000000,12240,11634,605,34
12267,108.869698,0.500066,0.500346,3.171000,6,10,,,,,,,0.150000,0.050000,2,0.000000,0.000000,0,731,0,1,,0.000000,12267,11661,605,34
12294,109.120835,0.499530,0.499767,3.046000,6,10,,,,,,,0.150000,0.050000,2,0.000000,0.000000,0,731,0,1,,0.000000,12294,11688,605,34
12321,109.296256,0.499658,0.499878,2.921000,6,10,,,,,,,0.150000,0.050000,2,0.000000,0.000000,0,731,0,1,,0.000000,12321,11715,605,34
12349,109.617357,0.499586,0.499813,2.796000,6,10,,,,,,,0.150000,0.050000,2,0.000000,0.000000,0,731,0,1,,0.000000,12349,11743,605,34
12376,109.869208,0.499403,0.499647,2.672000,6,10,,,,,,,0.150000,0.050000,2,0.000000,0.000000,0,731,0,1,,0.000000,12376,11770,605,34
12403,110.114116,0.499389,0.499658,2.547000,6,10,,,,,,,0.150000,0.050000,2,0.000000,0.000000,0,731,0,1,,0.000000,12403,11797,605,34
12430,110.301086,0.499323,0.499605,2.422000,6,10,,,,,,,0.150000,0.050000,2,0.000000,0.000000,0,731,0,1,,0.000000,12430,11824,605,34
12458,110.618949,0.499034,0.499325,2.295000,6,10,,,,,,,0.150000,0.050000,2,0.000000,0.000000,0,731,0,1,,0.000000,12458,11852,605,34
12485,110.868805,0.499003,0.499306,2.170000,6,10,,,,,,,0.150000,0.050000,2,0.000000,0.000000,0,731,0,1,,0.000000,12485,11879,605,34
12512,111.120352,0.498927,0.499242,2.046000,6,10,,,,,,,0.150000,0.050000,2,0.000000,0.000000,0,731,0,1,,0.000000,12512,11906,605,34
12539,111.296319,0.499216,0.499517,1.921000,6,10,,,,,,,0.150000,0.050000,2,0.000000,0.000000,0,731,0,1,,0.000000,12539,11933,605,34
12567,111.618819,0.499275,0.499566,1.796000,6,10,,,,,,,0.150000,0.050000,2,0.000000,0.000000,0,731,0,1,,0.000000,12567,11961,605,34
12594,111.869455,0.499268,0.499557,1.672000,6,10,,,,,,,0.150000,0.050000,2,0.000000,0.000000,0,731,0,1,,0.000000,12594,11988,605,34
12621,112.119129,0.499188,0.499477,1.547000,6,10,,,,,,,0.150000,0.050000,2,0.000000,0.000000,0,731,0,1,,0.000000,12621,12015,605,34
12648,112.299419,0.499428,0.499703,1.423000,6,10,,,,,,,0.150000,0.050000,2,0.000000,0.000000,0,731,0,1,,0.000000,12648,12042,605,34
12676,112.619018,0.499685,0.499969,1.296000,6,10,,,,,,,0.150000,0.050000,2,0.000000,0.000000,0,731,0,1,,0.000000,12676,12070,605,34
12703,112.869529,0.499806,0.500109,1.171000,6,10,,,,,,,0.150000,0.050000,2,0.000000,0.000000,0,731,0,1,,0.000000,12703,12097,605,34
12730,113.118191,0.499852,0.500180,1.047000,6,10,,,,,,,0.150000,0.050000,2,0.000000,0.000000,0,731,0,1,,0.000000,12730,12124,605,34
12757,113.302796,0.500080,0.500412,0.922000,6,10,,,,,,,0.150000,0.050000,2,0.000000,0.000000,0,731,0,1,,0.000000,12757,12151,605,34
12785,113.616703,0.500316,0.500645,0.797000,6,10,,,,,,,0.150000,0.050000,2,0.000000,0.000000,0,731,0,1,,0.000000,12785,12179,605,34
12812,113.868063,0.500481,0.500796,0.673000,6,10,,,,,,,0.150000,0.050000,2,0.000000,0.000000,0,731,0,1,,0.000000,12812,12206,605,34
12839,114.119683,0.500437,0.500760,0.548000,6,10,,,,,,,0.150000,0.050000,2,0.000000,0.000000,0,731,0,1,,0.000000,12839,12233,605,34
12866,114.298412,0.500288,0.500635,0.423000,6,10,,,,,,,0.150000,0.050000,2,0.000000,0.000000,0,731,0,1,,0.000000,12866,12260,605,34
12894,114.623281,0.500082,0.500498,0.297000,6,10,,,,,,,0.150000,0.050000,2,0.000000,0.000000,0,731,0,1,,0.000000,12894,12288,605,34
12921,114.871757,0.499608,0.500114,0.171000,6,10,,,,,,,0.150000,0.050000,2,0.000000,0.000000,0,731,0,1,,0.000000,12921,12315,605,34
12948,114.982656,0.499405,0.499997,0.046000,6,10,,,,,,,0.150000,0.050000,2,0.000000,0.000000,0,731,0,1,,0.000000,12948,12342,605,34
12976,115.299287,-0.032403,0.037303,-0.034000,6,10,,,,,,,0.150000,0.050000,2,0.000000,0.000000,0,731,0,1,,0.000000,12976,12370,605,34
13004,115.622319,-0.066559,0.068832,0.000000,6,10,,,,,,,0.150000,0.050000,2,0.000000,0.000000,0,731,0,1,,0.000000,13004,12398,605,34
13031,115.866803,0.020211,0.027118,-0.001000,6,10,,,,,,,0.150000,0.050000,2,0.000000,0.000000,0,731,0,1,,0.000000,13031,12425,605,34
13058,116.119990,-0.004626,0.018331,-0.002000,6,10,,,,,,,0.150000,0.050000,2,0.000000,0.000000,0,731,0,1,,0.000000,13058,12452,605,34
13085,116.300466,-0.003603,0.017668,-0.001000,6,10,,,,,,,0.150000,0.050000,2,0.000000,0.000000,0,731,0,1,,0.000000,13085,12479,605,34
13113,116.554688,-0.001762,0.017226,-0.001000,6,10,,,,,,,0.150000,0.050000,2,0.000000,0.000000,0,731,0,1,,0.000000,13113,12507,605,34
13143,116.872513,-0.002350,0.017335,0.000000,6,10,,,,,,,0.150000,0.050000,2,0.000000,0.000000,0,731,0,1,,0.000000,13143,12537,605,34
13170,117.061456,-0.002368,0.017522,0.000000,6,10,,,,,,,0.150000,0.050000,2,0.000000,0.000000,0,731,0,1,,0.000000,13170,12564,605,34
13199,117.300055,-0.002340,0.017408,0.001000,6,10,,,,,,,0.150000,0.050000,2,0.000000,0.000000,0,731,0,1,,0.000000,13199,12593,605,34
13227,117.620949,-0.002378,0.017575,0.003000,6,10,,,,,,,0.150000,0.050000,2,0.000000,0.000000,0,731,0,1,,0.000000,13227,12621,605,34
13254,117.866271,-0.002455,0.018139,0.005000,6,10,,,,,,,0.150000,0.050000,2,0.000000,0.000000,0,731,0,1,,0.000000,13254,12648,605,34
13281,118.116785,-0.002504,0.018569,0.006000,6,10,,,,,,,0.150000,0.050000,2,0.000000,0.000000,0,731,0,1,,0.000000,13281,12675,605,34
13308,118.300688,-0.002542,0.018631,0.008000,6,10,,,,,,,0.150000,0.050000,2,0.000000,0.000000,0,731,0,1,,0.000000,13308,12702,605,34
13337,118.619305,-0.002550,0.018843,0.009000,6,10,,,,,,,0.150000,0.050000,2,0.000000,0.000000,0,731,0,1,,0.000000,13337,12731,605,34
13364,118.870120,-0.002500,0.019145,0.010000,6,10,,,,,,,0.150000,0.050000,2,0.000000,0.000000,0,731,0,1,,0.000000,13364,12758,605,34
13391,119.119197,-0.002491,0.019460,0.011000,6,10,,,,,,,0.150000,0.050000,2,0.000000,0.000000,0,731,0,1,,0.000000,13391,12785,605,34
13418,119.302711,-0.002443,0.019274,0.012000,6,10,,,,,,,0.150000,0.050000,2,0.000000,0.000000,0,731,0,1,,0.000000,13418,12812,605,34
13446,119.618661,-0.002436,0.019223,0.013000,6,10,,,,,,,0.150000,0.050000,2,0.000000,0.000000,0,731,0,1,,0.000000,13446,12840,605,34
13473,119.871050,-0.002390,0.019321,0.013000,6,10,,,,,,,0.150000,0.050000,2,0.000000,0.000000,0,731,0,1,,0.000000,13473,12867,605,34
13500,120.121375,-0.002317,0.019529,0.014000,6,10,,,,,,,0.150000,0.050000,2,0.000000,0.000000,0,731,0,1,,0.000000,13500,12894,605,34
13527,120.301340,-0.002254,0.019361,0.014000,6,10,,,,,,,0.150000,0.050000,2,0.000000,0.000000,0,731,0,1,,0.000000,13527,12921,605,34
13555,120.617548,-0.002237,0.019325,0.015000,6,10,,,,,,,0.150000,0.050000,2,0.000000,0.000000,0,731,0,1,,0.000000,13555,12949,605,34
13582,120.867928,-0.002142,0.019395,0.015000,6,10,,,,,,,0.150000,0.050000,2,0.000000,0.000000,0,731,0,1,,0.000000,13582,12976,605,34
13609,121.121501,-0.002067,0.019752,0.015000,6,10,,,,,,,0.150000,0.050000,2,0.000000,0.000000,0,731,0,1,,0.000000,13609,13003,605,34
13636,121.302805,-0.002027,0.019779,0.016000,6,10,,,,,,,0.150000,0.050000,2,0.000000,0.000000,0,731,0,1,,0.000000,13636,13030,605,34
13664,121.620598,-0.001876,0.019938,0.016000,6,10,,,,,,,0.150000,0.050000,2,0.000000,0.000000,0,731,0,1,,0.000000,13664,13058,605,34
13691,121.869980,-0.001823,0.020251,0.016000,6,10,,,,,,,0.150000,0.050000,2,0.000000,0.000000,0,731,0,1,,0.000000,13691,13085,605,34
13718,122.121204,-0.001771,0.020640,0.016000,6,10,,,,,,,0.150000,0.050000,2,0.000000,0.000000,0,731,0,1,,0.000000,13718,13112,605,34
13745,122.300991,-0.001713,0.020727,0.016000,6,10,,,,,,,0.150000,0.050000,2,0.000000,0.000000,0,731,0,1,,0.000000,13745,13139,605,34
13773,122.616538,-0.001707,0.021015,0.017000,6,10,,,,,,,0.150000,0.050000,2,0.000000,0.000000,0,731,0,1,,0.000000,13773,13167,605,34
13800,122.873068,-0.001501,0.021433,0.017000,6,10,,,,,,,0.150000,0.050000,2,0.000000,0.000000,0,731,0,1,,0.000000,13800,13194,605,34
13827,123.123578,-0.001438,0.022046,0.017000,6,10,,,,,,,0.150000,0.050000,2,0.000000,0.000000,0,731,0,1,,0.000000,13827,13221,605,34
13854,123.300433,-0.001319,0.022260,0.017000,6,10,,,,,,,0.150000,0.050000,2,0.000000,0.000000,0,731,0,1,,0.000000,13854,13248,605,34
13882,123.622299,-0.001268,0.022573,0.017000,6,10,,,,,,,0.150000,0.050000,2,0.000000,0.000000,0,731,0,1,,0.000000,13882,13276,605,34
13909,123.873469,-0.001171,0.022995,0.017000,6,10,,,,,,,0.150000,0.050000,2,0.000000,0.000000,0,731,0,1,,0.000000,13909,13303,605,34
13936,124.121941,-0.001061,0.023571,0.017000,6,10,,,,,,,0.150000,0.050000,2,0.000000,0.000000,0,731,0,1,,0.000000,13936,13330,605,34
13949,124.168039,0.000000,0.020000,0.017000,6,10,,,,,,,0.150000,0.050000,2,0.000000,0.000000,0,731,0,1,,0.000000,13949,13343,605,34
13991,124.617848,-0.001019,0.023877,0.017000,6,10,,,,,,,0.150000,0.050000,2,0.000000,0.000000,0,731,0,1,,0.000000,13991,13385,605,34
14018,124.871694,-0.000836,0.024212,0.017000,6,10,,,,,,,0.150000,0.050000,2,0.000000,0.000000,0,731,0,1,,0.000000,14018,13412,605,34
14045,125.123434,-0.000744,0.024504,0.017000,6,10,,,,,,,0.150000,0.050000,2,0.000000,0.000000,0,731,0,1,,0.000000,14045,13439,605,34
14072,125.303362,-0.000728,0.024541,0.017000,6,10,,,,,,,0.150000,0.050000,2,0.000000,0.000000,0,731,0,1,,0.000000,14072,13466,605,34
14100,125.622709,-0.000710,0.024733,0.017000,6,10,,,,,,,0.150000,0.050000,2,0.000000,0.000000,0,731,0,1,,0.000000,14100,13494,605,34
14127,125.869889,-0.000667,0.024911,0.017000,6,10,,,,,,,0.150000,0.050000,2,0.000000,0.000000,0,731,0,1,,0.000000,14127,13521,605,34
14154,126.118255,-0.000572,0.025050,0.017000,6,10,,,,,,,0.150000,0.050000,2,0.000000,0.000000,0,731,0,1,,0.000000,14154,13548,605,34
14181,126.305116,-0.000515,0.025016,0.017000,6,10,,,,,,,0.150000,0.050000,2,0.000000,0.000000,0,731,0,1,,0.000000,14181,13575,605,34
14209,126.622145,-0.000415,0.025091,0.017000,6,10,,,,,,,0.150000,0.050000,2,0.000000,0.000000,0,731,0,1,,0.000000,14209,13603,605,34
14236,126.872398,-0.000428,0.025196,0.017000,6,10,,,,,,,0.150000,0.050000,2,0.000000,0.000000,0,731,0,1,,0.000000,14236,13630,605,34
14263,127.125054,-0.000384,0.025532,0.017000,6,10,,,,,,,0.150000,0.050000,2,0.000000,0.000000,0,731,0,1,,0.000000,14263,13657,605,34
14290,127.301808,-0.000366,0.025374,0.016000,6,10,,,,,,,0.150000,0.050000,2,0.000000,0.000000,0,731,0,1,,0.000000,14290,13684,605,34
14318,127.620616,-0.000344,0.025384,0.016000,6,10,,,,,,,0.150000,0.050000,2,0.000000,0.000000,0,731,0,1,,0.000000,14318,13712,605,34
14342,127.667181,-0.000286,0.025431,0.016000,6,10,,,,,,,0.150000,0.050000,2,0.000000,0.000000,0,731,0,1,,0.000000,14342,13736,605,34
14372,128.120223,-0.000328,0.025661,0.016000,6,10,,,,,,,0.150000,0.050000,2,0.000000,0.000000,0,731,0,1,,0.000000,14372,13766,605,34
14399,128.301952,-0.000274,0.025359,0.016000,6,10,,,,,,,0.150000,0.050000,2,0.000000,0.000000,0,731,0,1,,0.000000,14399,13793,605,34
14428,128.620528,-0.000232,0.025216,0.016000,6,10,,,,,,,0.150000,0.050000,2,0.000000,0.000000,0,731,0,1,,0.000000,14428,13822,605,34
14455,128.872790,-0.000230,0.025300,0.016000,6,10,,,,,,,0.150000,0.050000,2,0.000000,0.000000,0,731,0,1,,0.000000,14455,13849,605,34
14482,129.122174,-0.000306,0.025476,0.016000,6,10,,,,,,,0.150000,0.050000,2,0.000000,0.000000,0,731,0,1,,0.000000,14482,13876,605,34
14509,129.305119,-0.000202,0.025192,0.016000,6,10,,,,,,,0.150000,0.050000,2,0.000000,0.000000,0,731,0,1,,0.000000,14509,13903,605,34
14537,129.621679,-0.000274,0.024953,0.016000,6,10,,,,,,,0.150000,0.050000,2,0.000000,0.000000,0,731,0,1,,0.000000,14537,13931,605,34
14564,129.872319,-0.000190,0.025009,0.016000,6,10,,,,,,,0.150000,0.050000,2,0.000000,0.000000,0,731,0,1,,0.000000,14564,13958,605,34
14591,130.124823,-0.000156,0.025151,0.016000,6,10,,,,,,,0.150000,0.050000,2,0.000000,0.000000,0,731,0,1,,0.000000,14591,13985,605,34
14618,130.303596,-0.000132,0.024749,0.016000,6,10,,,,,,,0.150000,0.050000,2,0.000000,0.000000,0,731,0,1,,0.000000,14618,14012,605,34
14646,130.621699,-0.000053,0.024594,0.016000,6,10,,,,,,,0.150000,0.050000,2,0.000000,0.000000,0,731,0,1,,0.000000,14646,14040,605,34
14673,130.870323,-0.000066,0.024658,0.016000,6,10,,,,,,,0.150000,0.050000,2,0.000000,0.000000,0,731,0,1,,0.000000,14673,14067,605,34
14700,131.125451,-0.000116,0.024744,0.016000,6,10,,,,,,,0.150000,0.050000,2,0.000000,0.000000,0,731,0,1,,0.000000,14700,14094,605,34
14714,131.167876,0.000000,0.020000,0.016000,6,10,,,,,,,0.150000,0.050000,2,0.000000,0.000000,0,731,0,1,,0.000000,14714,14108,605,34
14755,131.623811,-0.000100,0.024265,0.016000,6,10,,,,,,,0.150000,0.050000,2,0.000000,0.000000,0,731,0,1,,0.000000,14755,14149,605,34
14782,131.872903,-0.000023,0.024349,0.016000,6,10,,,,,,,0.150000,0.050000,2,0.000000,0.000000,0,731,0,1,,0.000000,14782,14176,605,34
14809,132.123240,0.000034,0.024435,0.016000,6,10,,,,,,,0.150000,0.050000,2,0.000000,0.000000,0,731,0,1,,0.000000,14809,14203,605,34
14836,132.304494,0.000055,0.024244,0.016000,6,10,,,,,,,0.150000,0.050000,2,0.000000,0.000000,0,731,0,1,,0.000000,14836,14230,605,34
14864,132.623653,0.000061,0.024257,0.015000,6,10,,,,,,,0.150000,0.050000,2,0.000000,0.000000,0,731,0,1,,0.000000,14864,14258,605,34
14891,132.871497,0.000111,0.024334,0.015000,6,10,,,,,,,0.150000,0.050000,2,0.000000,0.000000,0,731,0,1,,0.000000,14891,14285,605,34
14912,132.921521,0.000000,0.020000,0.015000,6,10,,,,,,,0.150000,0.050000,2,0.000000,0.000000,0,731,0,1,,0.000000,14912,14306,605,34
14945,133.302610,0.000181,0.024102,0.015000,6,10,,,,,,,0.150000,0.050000,2,0.000000,0.000000,0,731,0,1,,0.000000,14945,14339,605,34
14973,133.624315,0.000229,0.024060,0.015000,6,10,,,,,,,0.150000,0.050000,2,0.000000,0.000000,0,731,0,1,,0.000000,14973,14367,605,34
15000,133.876579,0.000228,0.024106,0.015000,6,10,,,,,,,0.150000,0.050000,2,0.000000,0.000000,0,731,0,1,,0.000000,15000,14394,605,34
15027,134.120891,0.000175,0.024327,0.015000,6,10,,,,,,,0.150000,0.050000,2,0.000000,0.000000,0,731,0,1,,0.000000,15027,14421,605,34
15054,134.302078,0.000177,0.024075,0.015000,6,10,,,,,,,0.150000,0.050000,2,0.000000,0.000000,0,731,0,1,,0.000000,15054,14448,605,34
15082,134.623484,0.000178,0.024006,0.015000,6,10,,,,,,,0.150000,0.050000,2,0.000000,0.000000,0,731,0,1,,0.000000,15082,14476,605,34
15109,134.870386,0.000209,0.024072,0.015000,6,10,,,,,,,0.150000,0.050000,2,0.000000,0.000000,0,731,0,1,,0.000000,15109,14503,605,34
15136,135.121011,0.000206,0.024294,0.015000,6,10,,,,,,,0.150000,0.050000,2,0.000000,0.000000,0,731,0,1,,0.000000,15136,14530,605,34
15163,135.301645,0.000164,0.024086,0.015000,6,10,,,,,,,0.150000,0.050000,2,0.000000,0.000000,0,731,0,1,,0.000000,15163,14557,605,34
15191,135.624136,0.000189,0.024042,0.015000,6,10,,,,,,,0.150000,0.050000,2,0.000000,0.000000,0,731,0,1,,0.000000,15191,14585,605,34
15218,135.872180,0.000213,0.024107,0.015000,6,10,,,,,,,0.150000,0.050000,2,0.000000,0.000000,0,731,0,1,,0.000000,15218,14612,605,34
15245,136.123985,0.000224,0.024360,0.015000,6,10,,,,,,,0.150000,0.050000,2,0.000000,0.000000,0,731,0,1,,0.000000,15245,14639,605,34
15272,136.305341,0.000229,0.024136,0.015000,6,10,,,,,,,0.150000,0.050000,2,0.000000,0.000000,0,731,0,1,,0.000000,15272,14666,605,34
15294,136.416386,0.000000,0.020000,0.015000,6,10,,,,,,,0.150000,0.050000,2,0.000000,0.000000,0,731,0,1,,0.000000,15294,14688,605,34
15327,136.871902,0.000309,0.024135,0.015000,6,10,,,,,,,0.150000,0.050000,2,0.000000,0.000000,0,731,0,1,,0.000000,15327,14721,605,34
15354,137.124165,0.000297,0.024348,0.015000,6,10,,,,,,,0.150000,0.050000,2,0.000000,0.000000,0,731,0,1,,0.000000,15354,14748,605,34
15381,137.306661,0.000299,0.024066,0.015000,6,10,,,,,,,0.150000,0.050000,2,0.000000,0.000000,0,731,0,1,,0.000000,15381,14775,605,34
15409,137.627520,0.000221,0.023975,0.015000,6,10,,,,,,,0.150000,0.050000,2,0.000000,0.000000,0,731,0,1,,0.000000,15409,14803,605,34
15436,137.873546,0.000160,0.023933,0.015000,6,10,,,,,,,0.150000,0.050000,2,0.000000,0.000000,0,731,0,1,,0.000000,15436,14830,605,34
15463,138.123911,0.000101,0.024125,0.015000,6,10,,,,,,,0.150000,0.050000,2,0.000000,0.000000,0,731,0,1,,0.000000,15463,14857,605,34
15490,138.304672,0.000021,0.023793,0.015000,6,10,,,,,,,0.150000,0.050000,2,0.000000,0.000000,0,731,0,1,,0.000000,15490,14884,605,34
15519,138.624022,0.000081,0.023759,0.015000,6,10,,,,,,,0.150000,0.050000,2,0.000000,0.000000,0,731,0,1,,0.000000,15519,14913,605,34
15546,138.874179,0.000022,0.023760,0.015000,6,10,,,,,,,0.150000,0.050000,2,0.000000,0.000000,0,731,0,1,,0.000000,15546,14940,605,34
15573,139.124826,0.000111,0.023911,0.015000,6,10,,,,,,,0.150000,0.050000,2,0.000000,0.000000,0,731,0,1,,0.000000,15573,14967,605,34
15600,139.306636,0.000148,0.023654,0.015000,6,10,,,,,,,0.150000,0.050000,2,0.000000,0.000000,0,731,0,1,,0.000000,15600,14994,605,34
15628,139.622993,0.000133,0.023693,0.015000,6,10,,,,,,,0.150000,0.050000,2,0.000000,0.000000,0,731,0,1,,0.000000,15628,15022,605,34
15655,139.872930,0.000076,0.023934,0.015000,6,10,,,,,,,0.150000,0.050000,2,0.000000,0.000000,0,731,0,1,,0.000000,15655,15049,605,34
15682,140.125928,0.000121,0.024244,0.015000,6,10,,,,,,,0.150000,0.050000,2,0.000000,0.000000,0,731,0,1,,0.000000,15682,15076,605,34
15709,140.306827,0.000193,0.024034,0.015000,6,10,,,,,,,0.150000,0.050000,2,0.000000,0.000000,0,731,0,1,,0.000000,15709,15103,605,34
15737,140.629162,0.000261,0.024027,0.015000,6,10,,,,,,,0.150000,0.050000,2,0.000000,0.000000,0,731,0,1,,0.000000,15737,15131,605,34
15764,140.873765,0.000246,0.024060,0.015000,6,10,,,,,,,0.150000,0.050000,2,0.000000,0.000000,0,731,0,1,,0.000000,15764,15158,605,34
15791,141.125546,0.000236,0.024414,0.015000,6,10,,,,,,,0.150000,0.050000,2,0.000000,0.000000,0,731,0,1,,0.000000,15791,15185,605,34
15818,141.305246,0.000224,0.024095,0.015000,6,10,,,,,,,0.150000,0.050000,2,0.000000,0.000000,0,731,0,1,,0.000000,15818,15212,605,34
15846,141.624088,0.000205,0.023894,0.015000,6,10,,,,,,,0.150000,0.050000,2,0.000000,0.000000,0,731,0,1,,0.000000,15846,15240,605,34
